1
3
6
47
50
101
110
151
163
216
231
235
260
333
349
356
362
367
441
457
480
527
543
552
553
590
592
593
596
608
661
733
919
923
940
943
954
1023
1025
1029
1031
1032
1042
1049
1060
1073
1080
1089
1090
1092
1097
1127
1136
1196
1197
1198
1206
1208
1210
1213
1214
1220
1222
1224
1240
1256
1265
1270
1275
1278
1282
1291
1298
1348
1500
1517
1552
1573
1587
1617
1625
1732
1777
1805
1927
1954
1967
2000
2005
2012
2018
2028
2046
2054
2058
2078
2090
2094
2096
2105
2115
2116
2137
2139
2141
2161
2174
2193
2268
2273
2291
2329
2353
2366
2387
2395
2406
2427
2459
2470
2478
2502
2529
2542
2571
2580
2596
2616
2628
2640
2641
2648
2692
2700
2716
2761
2797
2826
2858
2872
2916
2944
2947
2948
2949
2959
2985
2987
2991
2993
2997
3033
3034
3052
3053
3062
3147
3168
3253
3273
3386
3441
3448
3450
3479
3489
3527
3578
3617
3639
3671
3702
3703
3740
3793
3809
5060
1704
6874
46970
48516
58559
60756
68157
74458
79132
80489
80906
86345
89774
106782
112552
122882
125
162
176
215
232
265
319
342
345
348
368
475
492
538
588
708
800
892
898
899
902
904
908
910
912
914
920
930
1077
1084
1086
1103
1179
1188
1203
1219
1225
1250
1259
1266
1283
1288
1449
1466
1641
1719
1834
1883
1895
1914
1947
1968
2076
2109
2150
2186
2203
2351
2359
2467
2583
2599
2683
2762
2791
2843
2921
3044
3060
3083
3160
3176
3255
3317
3365
3408
3508
3897
3967
3996
4033
4034
4239
4246
4896
4902
4967
2
11
21
34
150
185
186
253
296
318
357
364
377
380
454
223
922
1095
1674
2300
4993
5218
5445
5481
5902
5952
5956
6001
1907
4306
4447
4995
6942
7149
7153
7458
8533
31685
33794
40819
49272
49286
68954
69406
79091
81845
88163
91529
92259
95167
96079
103335
104374
106696
136020
140110
39
168
222
256
261
830
838
1357
1721
2072
2485
2572
2581
2694
2717
3668
4018
5620
40629
25
32
95
266
282
288
337
339
376
383
434
477
509
539
111
293
541
678
745
750
849
913
1147
1148
1193
1199
1207
1223
1230
1247
1252
1260
1261
1267
1276
1299
2019
3000
3108
3683
3741
3949
4226
4973
5618
5782
5971
27611
27773
48394
60069
78499
589
780
858
1036
1093
1201
1221
1228
1234
1258
1263
1405
2194
3039
3263
3681
4571
6016
6350
7099
7482
31658
68358
80463
82459
353
551
720
724
783
837
852
903
931
933
1079
1269
1285
1297
1372
1374
1376
1527
1566
1653
1923
2081
2140
2371
2396
2423
2723
2763
2918
2968
3035
3070
3175
3213
3358
3396
3421
3471
3745
48
262
531
594
595
1022
1028
1035
1088
1380
1688
2080
2083
2085
2087
2135
2355
2394
2657
2687
2746
2804
2857
2941
3114
3159
3397
3398
3438
3751
3755
3852
4014
4016
4019
4027
4029
4039
4310
4700
4886
4979
5013
5014
5015
5103
5299
5378
5388
5785
5816
5989
5991
6297
6333
6365
10
370
597
648
1544
1580
1722
2011
2376
2424
2541
2671
2706
2989
2990
3022
3082
3623
3633
3635
3638
3868
3869
3984
4489
4545
4638
4718
4963
5418
5459
5574
5872
6539
6934
7143
7569
8360
8368
8529
8644
8665
8798
8972
8984
33004
33493
33615
33679
40815
47997
53121
53125
53322
54286
58998
59315
59615
69644
69844
72998
77561
88125
89745
91630
94677
94777
101864
102481
103141
104211
104841
106487
107141
111617
111759
111781
112852
115617
117529
119145
122886
122922
134853
135887
143385
152081
164179
1246
1396
1784
2686
4262
4855
5064
5673
5791
35836
38061
44191
46976
51662
64957
70286
72011
86882
134130
116797
122912
122916
176371
177593
187593
165
62
316
911
969
986
1015
1101
1262
1287
1584
1876
2100
2407
2565
2951
3037
3104
3451
3555
3654
3836
507
1200
1249
1358
1371
1610
1921
1953
2021
2278
2490
3100
3300
3328
3360
3535
3783
4223
4878
5010
5152
6537
6617
6867
7438
8132
8950
26614
30707
30749
33660
34405
36529
43396
44195
48385
49530
53123
55118
55820
56174
57640
57669
59369
60684
63082
64614
64716
924
953
1204
1209
1242
1272
1303
1408
1939
1945
2301
3363
4327
5464
5995
6502
6787
7156
48774
51540
64620
68237
87306
98961
99114
111362
7
141
736
784
1057
1302
1356
1361
1391
26
36
58
74
194
203
224
246
272
314
440
497
529
802
1061
1104
1393
1429
17
28
94
307
308
428
446
448
562
778
866
994
1059
1245
1280
1446
1537
1542
1639
1673
1682
1801
1885
2357
2539
2690
2006
2617
3624
3717
3977
4367
4446
4643
4720
5349
6378
6618
6711
6857
7090
7451
8636
27801
44974
45499
60
236
252
300
3347
292
344
671
161
350
610
1027
1215
1248
1387
1394
1729
1994
2118
2391
2912
3019
3362
3481
3911
31
46
82
107
158
172
173
218
230
281
306
317
327
351
371
431
491
514
609
1961
2160
2324
2712
3285
3948
3968
4022
4235
4816
4848
5377
6287
6373
6377
7293
7361
8949
8981
30812
33166
34162
41285
46578
46723
50872
54272
55247
55280
61240
66097
67255
71033
71899
86781
87869
96829
97921
104879
106918
115569
116897
128360
139385
5
29
79
153
208
225
276
277
329
410
420
432
435
442
500
520
587
616
788
1064
18
104
112
494
737
805
1120
1476
19
70
88
180
474
765
785
832
1033
1370
1375
1407
1485
1569
1591
1608
1676
1753
1909
2064
2124
2231
2311
2431
2501
2528
2598
2707
2710
2731
2841
2890
2915
3196
3254
3298
3301
3510
3534
3536
3552
3752
3753
3798
3972
4011
4299
4308
4369
4734
4901
4958
5151
5283
5500
5502
5528
5630
8528
51080
53996
160
508
5669
72641
81932
84152
106100
140715
47099
109487
122920
168252
1251
1274
2732
3730
4914
7396
27156
76
170
247
468
555
653
719
965
1186
1235
1243
1244
1257
1301
1304
1350
1373
1479
1645
1663
1748
1845
1997
2167
2248
2302
2321
2375
2454
2455
2605
2664
2788
2871
2901
3107
3148
3186
3219
3361
3814
3863
3917
3969
3994
4002
4238
4437
4865
4992
6323
6659
6708
6807
6873
7147
7160
7254
7983
8464
8784
8874
39183
52973
54001
56367
249
381
481
748
916
1125
1441
1982
1293
3275
27831
44665
280
315
41
105
647
928
1094
1183
1212
1233
1797
1944
2020
2067
2352
2550
2726
3256
3461
3462
3498
3504
6460
16
6796
586
2023
3252
4148
5903
8641
8914
8961
27660
27706
30793
31696
32587
33162
37729
37733
41566
41569
45722
46972
47610
48780
52604
52722
54503
54997
55908
56757
58803
59501
61024
63072
63113
64969
67734
68554
69122
69757
73017
74789
79357
79702
81834
85414
86332
86880
87232
88140
89492
89864
91500
91542
91658
96610
96821
97938
98809
102123
102903
103341
103772
106489
107406
109374
110102
112556
114662
114935
115149
115210
115713
116823
117176
118696
122892
122904
122918
122924
122926
135143
150548
158238
158966
166528
168248
168250
171763
1965
3088
3435
4344
6104
7132
8917
27904
38038
45728
51255
53972
67997
69481
71535
77455
81229
89753
89904
92535
97913
98491
102445
108932
585
628
1096
1217
1343
1345
1513
1912
2003
2313
2420
2770
2908
3030
3072
3105
3210
3499
3526
3556
3608
4128
4144
4776
4980
5026
5225
5266
5291
5617
5690
5810
5954
6188
6214
6218
6281
6296
6331
6385
6957
7139
7162
7360
8014
8376
8622
8645
8873
27266
30810
31878
34072
535
799
1047
1284
1378
1952
1956
2146
2288
2312
2401
2463
2795
2966
3098
3101
3198
3201
3271
3698
4041
4322
4499
5747
5957
6754
6773
6936
6947
6979
7373
207
932
1792
1799
1892
2125
2133
2144
3005
3675
3785
3791
3882
3916
4025
4069
4890
5219
5419
5444
6155
6863
6944
7256
7325
7346
7445
8807
8970
30825
44199
45517
45720
46530
53000
53129
54259
54881
56251
56949
62434
62956
63131
64839
66934
69784
70183
74946
76093
76251
80549
81564
81847
83134
84772
86377
88744
88810
93510
95510
103042
112175
142488
1917
2476
4448
4874
4880
1172
1253
1300
1959
1962
3152
3359
3468
3543
37741
91077
86
61323
68319
79592
81562
81591
86833
103249
106072
112138
117590
134368
926
949
1041
1185
1635
1960
2010
2360
2594
3006
3089
3246
3307
3424
3735
4103
4211
5812
6552
6591
6870
6993
7323
8207
39292
41997
44555
47629
52952
55276
55290
55363
56782
5008
2318
8957
31410
2232
5679
8361
8810
34048
34319
40583
45186
49278
51935
55765
57368
89470
93840
94864
102125
103688
145
2001
4015
4388
4701
6156
6541
4975
7669
55442
515
1237
1693
1747
1680
1835
2805
69951
71264
1884
3476
14
52
735
1411
1416
485
741
1129
1241
1321
1347
1385
2117
2138
2403
2867
3018
3081
3267
3429
3727
4105
5650
6283
6755
7028
7387
7802
2398
54190
15
1359
1377
2822
1296
2289
2294
3418
3257
4161
4270
52975
56152
56775
60040
152077
177765
22
257
237
900
1277
1307
1958
2245
2496
3244
3261
5380
233
2600
2702
3174
3203
1271
1588
2335
2384
2409
2411
2953
3087
4873
4881
6440
6565
34437
72226
84944
90866
105844
148626
471
2724
6593
52287
55052
714
905
909
915
1178
1211
1227
1281
1289
1354
3409
3629
3742
3910
3980
3988
4343
7022
7158
7317
7347
7371
8638
8958
26662
27803
27815
44022
45447
48304
52281
53519
53953
54995
55721
56145
57504
60950
62849
63859
65514
85774
94959
97304
97752
104913
106920
112183
112290
134170
138036
159817
163645
170705
5135
5881
5945
1020
2447
5110
6003
37384
54004
60072
96588
111113
119141
157296
159093
166461
1339
1683
1955
2108
2132
2764
3296
3551
3831
4007
1597
1810
1367
3020
4641
48043
52319
55269
59387
67087
96737
97306
101142
103228
122900
175
5608
7265
8254
59784
62336
71057
88129
95441
99007
99813
112623
161582
36517
942
945
37830
1019
2924
599
1017
1231
1518
1589
1950
1957
3173
3178
3685
4225
4321
4623
4857
5267
6893
7076
6953
98243
673
786
5992
36535
106002
45
154
417
1238
1292
1966
2202
2239
2779
2917
3200
3341
3503
3507
4378
5577
7063
8228
65230
166643
534
4085
3334
7934
48738
73
524
637
918
2792
3247
4728
4823
8783
290
707
861
45880
97
198
372
412
971
1173
1273
1279
1295
1320
1464
1590
1687
1690
1754
1916
2009
2336
2474
2551
2728
2863
2952
2971
3355
3812
3915
4008
4017
4037
4280
4349
4361
4642
4954
5379
6620
8042
8370
8973
2243
3061
3469
144
3515
3983
4387
24
1735
2065
4023
4370
2699
2819
2973
3066
45210
48783
2145
2340
44761
1131
1132
1177
1184
1218
3068
3260
3269
3505
3699
140
5944
106642
122906
179819
1268
60766
951
955
1081
1171
2208
3893
1711
303
8910
62374
950
1189
1254
2176
3095
4467
6639
7013
27846
69
1672
2413
2527
4326
2013
2722
3113
6879
40278
53894
71464
81788
3483
4232
44
135
196
204
227
248
267
273
338
466
5878
8983
26776
48082
65261
72737
82461
84954
87222
2739
143355
1192
1734
45950
1194
2002
3825
8371
79695
105504
8366
373
1333
1594
2110
2935
4334
5049
2378
2471
50068
1918
1614
3704
968
1344
1949
2919
2940
952
2533
135133
31364
79008
1616
2393
5254
7439
7981
47200
49651
61132
72733
85342
93838
174055
5294
36708
52435
1175
2004
3676
4754
5463
188
1717
4553
5039
5072
3616
1931
45672
2881
3986
84392
2297
52328
135569
38886
5066
104241
1701
106916
3067
3618
4333
147
322
493
991
2114
2325
4450
63876
137857
195
2840
1124
3811
4366
3265
