-1.522771596908569336e+00 -1.099345922470092773e+00
-7.994337081909179688e-01 -6.405194997787475586e-01
1.612621903419494629e+00 -2.086734175682067871e-01
-4.862375184893608093e-02 5.323855280876159668e-01
1.257163524627685547e+00 -2.515212535858154297e+00
9.284566044807434082e-01 2.619317173957824707e-01
-5.893148183822631836e-01 1.579606294631958008e+00
1.805113911628723145e+00 -7.892293930053710938e-01
-2.358035892248153687e-01 -6.511252522468566895e-01
2.123910427093505859e+00 -2.546627223491668701e-01
-9.151554703712463379e-01 -4.141490161418914795e-01
-1.306633114814758301e+00 -1.185200095176696777e+00
9.998520612716674805e-01 -1.718327403068542480e+00
-6.916983127593994141e-01 -3.605738282203674316e-01
1.200333833694458008e+00 -1.640798091888427734e+00
-1.908005833625793457e+00 -5.277322530746459961e-01
1.724946737289428711e+00 1.082327842712402344e+00
6.445152312517166138e-02 -1.823045849800109863e+00
1.277295589447021484e+00 1.546262204647064209e-01
3.624975979328155518e-01 5.811064839363098145e-01
1.731636673212051392e-01 -5.444293618202209473e-01
6.328977942466735840e-01 5.474663972854614258e-01
1.927265167236328125e+00 -1.047363042831420898e+00
4.421984553337097168e-01 1.290837883949279785e+00
3.754336833953857422e-01 6.789364814758300781e-01
8.435966372489929199e-01 -1.441212177276611328e+00
7.579558342695236206e-02 -6.504274606704711914e-01
-5.758345723152160645e-01 8.350672721862792969e-01
1.567483305931091309e+00 -4.313369989395141602e-01
5.145897269248962402e-01 -1.413422465324401855e+00
-9.991815686225891113e-01 -6.592710614204406738e-01
-4.972464144229888916e-01 -7.060503959655761719e-01
1.313434123992919922e+00 -1.316583871841430664e+00
-6.005912646651268005e-02 -8.048271387815475464e-02
1.930181235074996948e-01 8.068280816078186035e-01
3.837570175528526306e-02 5.557398200035095215e-01
1.127914786338806152e+00 7.387682795524597168e-01
-6.942871958017349243e-02 -1.074891328811645508e+00
1.524998784065246582e+00 7.729766368865966797e-01
4.964495599269866943e-01 -2.242017835378646851e-01
1.517207771539688110e-01 6.979262828826904297e-01
-5.822811126708984375e-01 -4.508081674575805664e-01
-9.632223248481750488e-01 6.661978363990783691e-01
-1.276677608489990234e+00 -5.589860081672668457e-01
1.357425570487976074e+00 7.363893985748291016e-01
1.634792238473892212e-01 -1.373663187026977539e+00
1.023963689804077148e+00 1.393876522779464722e-01
1.325070559978485107e-01 1.577152490615844727e+00
-1.428150534629821777e+00 9.671736955642700195e-01
-1.556818246841430664e+00 3.595748841762542725e-01
-1.233528614044189453e+00 -2.783245220780372620e-02
-3.646559715270996094e-01 -4.947321116924285889e-01
-1.208913326263427734e+00 1.565567970275878906e+00
-3.605408668518066406e-01 1.568043678998947144e-01
5.505323410034179688e-01 2.228921279311180115e-02
8.746115118265151978e-02 -5.988640338182449341e-02
2.779885530471801758e-01 -1.722662568092346191e+00
7.401530146598815918e-01 8.061479330062866211e-01
8.758897185325622559e-01 -6.258646845817565918e-01
-7.513440847396850586e-01 9.343789219856262207e-01
1.557915568351745605e+00 2.205788373947143555e+00
5.134872794151306152e-01 -3.060538768768310547e-01
-1.300746083259582520e+00 8.008827567100524902e-01
-1.519560337066650391e+00 1.023799061775207520e+00
-2.452182531356811523e+00 -2.760338783264160156e-01
9.629333019256591797e-01 -1.836875796318054199e+00
-1.790333271026611328e+00 -6.685667634010314941e-01
8.073819279670715332e-01 6.460280418395996094e-01
-1.741782784461975098e+00 -9.445965290069580078e-02
2.092515945434570312e+00 2.159283399581909180e+00
7.796902060508728027e-01 3.821142613887786865e-01
3.108156844973564148e-02 -4.210960566997528076e-01
-8.530137538909912109e-01 1.664953947067260742e+00
-3.070619344711303711e+00 -6.726964116096496582e-01
1.902706265449523926e+00 -9.615320563316345215e-01
1.280121564865112305e+00 -3.971118628978729248e-01
1.380211114883422852e-01 7.555235624313354492e-01
2.103212475776672363e-01 1.307205438613891602e+00
-9.583401679992675781e-01 -3.849211037158966064e-01
9.839968681335449219e-01 1.375546216964721680e+00
1.229333639144897461e+00 -7.032922506332397461e-01
1.745540022850036621e+00 -9.104704856872558594e-01
4.359605610370635986e-01 7.631314992904663086e-01
1.571118354797363281e+00 -9.932135939598083496e-01
2.470112293958663940e-01 1.626044869422912598e+00
1.756483316421508789e+00 7.429631948471069336e-01
1.887598872184753418e+00 -9.045423865318298340e-01
-7.346740365028381348e-01 -1.157187819480895996e+00
3.944898247718811035e-01 1.581826567649841309e+00
-3.382977098226547241e-02 -4.295647144317626953e-01
-5.383045226335525513e-02 -2.911832630634307861e-01
9.321006536483764648e-01 5.404998660087585449e-01
5.827477574348449707e-02 -5.645344257354736328e-01
-1.829919576644897461e+00 -7.479044795036315918e-01
1.112328395247459412e-01 1.849149823188781738e+00
-7.539264559745788574e-01 -7.524918019771575928e-02
8.552498817443847656e-01 5.058869123458862305e-01
-6.135621666908264160e-01 -8.658482432365417480e-01
-1.831370778381824493e-02 -3.552426099777221680e-01
4.702197760343551636e-02 -3.492842912673950195e-01
-6.866852045059204102e-01 1.162362992763519287e-01
-2.148082852363586426e-01 7.423576116561889648e-01
-9.634425640106201172e-01 2.165861278772354126e-01
1.138093352317810059e+00 -1.429251909255981445e+00
1.261242151260375977e+00 6.318747997283935547e-01
-6.203754544258117676e-01 -4.065590500831604004e-01
-8.122321367263793945e-01 -1.248480677604675293e+00
1.159632563591003418e+00 2.326008677482604980e-01
-2.264760136604309082e-01 2.538163959980010986e-01
-1.264905691146850586e+00 -1.374714374542236328e+00
-5.214107632637023926e-01 -2.594000577926635742e+00
-3.068946897983551025e-01 -9.612519741058349609e-01
-1.174483776092529297e+00 4.247477054595947266e-01
1.743616819381713867e+00 1.104838252067565918e+00
3.599045872688293457e-01 -1.617749631404876709e-01
6.938322782516479492e-01 -6.040257215499877930e-01
2.806417942047119141e-01 1.983741670846939087e-01
-1.377466022968292236e-01 3.649373948574066162e-01
4.205820262432098389e-01 -6.028970479965209961e-01
-9.423628449440002441e-01 -9.452924728393554688e-01
-1.092859506607055664e+00 7.942003607749938965e-01
1.276785135269165039e+00 8.517746329307556152e-01
-7.734770774841308594e-01 3.726733326911926270e-01
3.591629564762115479e-01 1.938788414001464844e+00
-9.864799380302429199e-01 -2.275195270776748657e-01
8.882454037666320801e-02 1.145375370979309082e+00
-6.287240982055664062e-02 -6.308232545852661133e-01
3.123922824859619141e+00 -5.487396717071533203e-01
4.907404482364654541e-01 7.684236858040094376e-03
4.767671525478363037e-01 -4.104822874069213867e-02
1.540490865707397461e+00 -1.062832117080688477e+00
3.414518833160400391e-01 -8.873292207717895508e-01
-3.146862983703613281e-01 3.516745865345001221e-01
-9.657055884599685669e-02 5.912988185882568359e-01
-1.508014947175979614e-01 1.168001770973205566e+00
-1.420056223869323730e+00 4.650292694568634033e-01
1.312500238418579102e-01 -1.112079620361328125e+00
1.031415816396474838e-02 2.518986761569976807e-01
-9.428057074546813965e-01 5.293665528297424316e-01
-3.728036880493164062e-01 9.011484980583190918e-01
2.890451252460479736e-01 -9.089197516441345215e-01
5.047764182090759277e-01 -5.496141314506530762e-01
-7.308678627014160156e-01 -4.341089129447937012e-01
5.197273492813110352e-01 -7.947050333023071289e-01
-2.521254777908325195e+00 8.030669689178466797e-01
8.032616972923278809e-01 -3.680042922496795654e-01
4.464305043220520020e-01 -3.993685245513916016e-01
4.067218005657196045e-01 3.943988382816314697e-01
4.651883840560913086e-01 8.231857419013977051e-01
-8.988395929336547852e-01 -1.219458580017089844e-01
-1.561131596565246582e+00 -1.603670597076416016e+00
5.320131182670593262e-01 5.691461563110351562e-01
7.863753437995910645e-01 3.384044766426086426e-01
-6.948798298835754395e-01 4.577019810676574707e-02
-7.334041595458984375e-01 9.929648041725158691e-01
-6.099621653556823730e-01 9.584140032529830933e-02
-4.660677015781402588e-01 -5.984448790550231934e-01
-6.260236501693725586e-01 1.069396376609802246e+00
-4.941662251949310303e-01 -7.246262431144714355e-01
-9.279653429985046387e-01 -7.451339960098266602e-01
-9.055228233337402344e-01 -2.544272184371948242e+00
1.151357531547546387e+00 -5.395352840423583984e-01
8.269982933998107910e-01 4.289185404777526855e-01
1.086367130279541016e+00 1.219802141189575195e+00
1.253626346588134766e+00 5.402951836585998535e-01
3.383309543132781982e-01 -3.967760205268859863e-01
2.332608461380004883e+00 3.517424762248992920e-01
2.964261472225189209e-01 6.780097484588623047e-01
-4.482478797435760498e-01 1.538908720016479492e+00
8.461857438087463379e-01 -7.494493722915649414e-01
-1.492806375026702881e-01 -3.216690123081207275e-01
-1.790948748588562012e+00 1.550085663795471191e+00
5.019016861915588379e-01 -7.330206632614135742e-01
-1.252991914749145508e+00 1.136268258094787598e+00
-1.166167020797729492e+00 5.620002746582031250e-02
-5.462268590927124023e-01 1.170652866363525391e+00
-1.517687797546386719e+00 -7.929629683494567871e-01
-7.118336558341979980e-01 -3.461980223655700684e-01
1.165747523307800293e+00 4.049878716468811035e-01
-1.097045421600341797e+00 1.649531245231628418e+00
4.513558149337768555e-01 -1.082873463630676270e+00
-1.479414343833923340e+00 5.128679275512695312e-01
-3.840682208538055420e-01 5.835632085800170898e-01
8.058604598045349121e-01 3.973184227943420410e-01
-6.607345342636108398e-01 -1.132682636380195618e-01
-8.860437870025634766e-01 5.393852591514587402e-01
5.952308177947998047e-01 5.930852293968200684e-01
-1.579145669937133789e+00 6.583789587020874023e-01
-4.073450565338134766e-01 2.036111205816268921e-01
7.201259732246398926e-01 -2.245093822479248047e+00
-2.621373534202575684e-02 -7.680193781852722168e-01
8.714466691017150879e-01 -1.522368192672729492e+00
-9.624770879745483398e-01 -1.686310529708862305e+00
-7.739214301109313965e-01 1.255469322204589844e+00
1.148451089859008789e+00 2.515004873275756836e+00
-4.553126543760299683e-02 -3.570468425750732422e-01
-4.145959764719009399e-02 -1.505492478609085083e-01
-2.051767855882644653e-01 1.829474091529846191e+00
-1.590209603309631348e+00 -1.394551753997802734e+00
1.019557118415832520e+00 1.546415090560913086e-01
6.010841727256774902e-01 8.219841718673706055e-01
-1.532695293426513672e+00 -3.758152015507221222e-03
-9.990283846855163574e-01 -9.983928203582763672e-01
1.019322037696838379e+00 1.030718326568603516e+00
-1.564253807067871094e+00 -3.150474131107330322e-01
1.354573845863342285e+00 -5.056498646736145020e-01
6.695203185081481934e-01 1.016730308532714844e+00
-1.734722733497619629e+00 -1.739154458045959473e-01
-7.611874938011169434e-01 -6.590203195810317993e-02
-1.835278272628784180e-01 1.772481918334960938e+00
-1.149806380271911621e+00 -1.963178277015686035e+00
-1.846099197864532471e-01 -6.961290240287780762e-01
-6.026397943496704102e-01 1.053546071052551270e+00
1.345269560813903809e+00 -3.047931790351867676e-01
-6.804552674293518066e-02 -1.591909289360046387e+00
1.138428688049316406e+00 -1.000528693199157715e+00
-5.979411602020263672e-01 3.709923624992370605e-01
7.519367337226867676e-01 5.343681573867797852e-01
1.645742654800415039e-01 -2.791762910783290863e-02
-6.001920104026794434e-01 3.574568033218383789e-01
-4.793322384357452393e-01 -1.088207602500915527e+00
5.876072645187377930e-01 -9.532052874565124512e-01
-7.502372264862060547e-01 -7.380579113960266113e-01
-5.097347497940063477e-01 9.309186339378356934e-01
3.209628582000732422e+00 7.021186351776123047e-01
3.104397356510162354e-01 -1.162389039993286133e+00
1.613604575395584106e-01 -1.488666534423828125e-01
6.427169442176818848e-01 6.372817754745483398e-01
1.127449989318847656e+00 -3.502027988433837891e-01
-4.653815031051635742e-01 -5.291357636451721191e-01
-1.632908105850219727e+00 2.048045873641967773e+00
-4.429676234722137451e-01 -1.356284856796264648e+00
-1.214512348175048828e+00 -3.831690549850463867e-01
9.696536660194396973e-01 2.944668233394622803e-01
7.782940864562988281e-01 8.790339827537536621e-01
-4.997142851352691650e-01 3.422645628452301025e-01
-2.445549488067626953e+00 -1.032727837562561035e+00
6.383948028087615967e-02 2.272583723068237305e+00
-4.218751788139343262e-01 -6.568968296051025391e-01
1.087922096252441406e+00 5.803949832916259766e-01
-8.327404856681823730e-01 -5.785567164421081543e-01
1.231936454772949219e+00 1.046741247177124023e+00
5.314528197050094604e-02 -1.056254386901855469e+00
3.028150200843811035e-01 1.118151098489761353e-01
9.734410047531127930e-01 1.431932747364044189e-01
-3.258908092975616455e-01 -2.704226374626159668e-01
1.562080860137939453e+00 -7.166805267333984375e-01
3.501564562320709229e-01 1.108519077301025391e+00
1.104624390602111816e+00 -1.134885907173156738e+00
-9.225190877914428711e-01 -1.065974950790405273e+00
1.306302905082702637e+00 -6.570922136306762695e-01
7.994975447654724121e-01 7.772609591484069824e-01
3.486523330211639404e-01 1.318421959877014160e+00
1.325462222099304199e+00 4.811640679836273193e-01
-7.521662712097167969e-01 7.733712792396545410e-01
-1.056752085685729980e+00 8.368469029664993286e-02
1.596624612808227539e+00 -2.698673903942108154e-01
-1.172647595405578613e+00 1.363027334213256836e+00
1.894401572644710541e-02 6.674779057502746582e-01
-1.690045118331909180e+00 1.820344328880310059e-01
6.321806460618972778e-02 5.129786729812622070e-01
-5.751159191131591797e-01 5.505104660987854004e-01
1.455452084541320801e+00 2.756583988666534424e-01
-4.568675756454467773e-01 1.658125996589660645e+00
-9.488083124160766602e-01 -9.268391728401184082e-01
-1.052448153495788574e+00 -1.114882707595825195e+00
-6.209148466587066650e-02 9.946749806404113770e-01
1.339330077171325684e-01 4.419994652271270752e-01
-4.954182505607604980e-01 -6.890740990638732910e-01
1.146512746810913086e+00 1.466824650764465332e+00
-2.991568446159362793e-01 3.834484219551086426e-01
5.888159871101379395e-01 4.075276553630828857e-01
-2.652204334735870361e-01 2.847561426460742950e-02
-5.751861333847045898e-01 5.982789993286132812e-01
-5.666696429252624512e-01 -1.044378042221069336e+00
-6.280656456947326660e-01 -1.823405921459197998e-01
2.276104211807250977e+00 -1.937275677919387817e-01
2.414445579051971436e-01 -1.023382067680358887e+00
-1.354604005813598633e+00 4.729095846414566040e-02
-5.474911928176879883e-01 -2.449826717376708984e+00
1.156522393226623535e+00 -6.894235014915466309e-01
-3.294002264738082886e-02 -7.500052452087402344e-01
-3.860027492046356201e-01 2.319174408912658691e-01
1.168088555335998535e+00 -2.042514234781265259e-01
-2.875870764255523682e-01 7.063183784484863281e-01
4.612197875976562500e-01 -1.618965387344360352e+00
-7.894913852214813232e-02 -6.845076084136962891e-01
-1.018658801913261414e-01 2.358313798904418945e+00
1.230501890182495117e+00 6.291254162788391113e-01
-3.859601914882659912e-01 -8.240927457809448242e-01
4.428918957710266113e-01 -1.286028385162353516e+00
2.382952928543090820e+00 -9.266517162322998047e-01
-7.455802559852600098e-01 8.946830034255981445e-02
5.936059355735778809e-01 1.840597540140151978e-01
7.305941581726074219e-01 -4.594175815582275391e-01
-1.803835272789001465e+00 1.521219134330749512e+00
-7.067288160324096680e-01 6.373029947280883789e-01
-1.517238259315490723e+00 -2.469074875116348267e-01
7.669175267219543457e-01 -1.921016573905944824e+00
1.477980732917785645e+00 2.153447628021240234e+00
3.409826755523681641e-01 -4.415047764778137207e-01
-2.262347459793090820e+00 -3.619450032711029053e-01
-1.153580427169799805e+00 -1.674266576766967773e+00
-1.264056324958801270e+00 3.125792443752288818e-01
1.555451303720474243e-01 9.464558213949203491e-02
1.321608573198318481e-01 2.161520957946777344e+00
-4.282937645912170410e-01 -5.160292983055114746e-01
1.197008728981018066e+00 -2.290478646755218506e-01
-1.051439642906188965e+00 2.716156542301177979e-01
1.400312423706054688e+00 5.289957672357559204e-02
-7.070054411888122559e-01 8.034681677818298340e-01
1.960117816925048828e+00 -8.992951512336730957e-01
-7.654249072074890137e-01 8.562275767326354980e-01
-3.396998941898345947e-01 -6.452394723892211914e-01
-1.245217084884643555e+00 -1.067896187305450439e-02
-1.671379566192626953e+00 -2.119819641113281250e+00
3.505550324916839600e-01 -1.168767452239990234e+00
-2.466041147708892822e-01 -6.376042366027832031e-01
-1.458025097846984863e+00 3.845007345080375671e-02
-2.205493152141571045e-01 1.380064249038696289e+00
-6.738602519035339355e-01 1.098532795906066895e+00
7.688674926757812500e-01 9.138520359992980957e-01
-6.875244975090026855e-01 -1.156825944781303406e-01
6.559491753578186035e-01 5.170568227767944336e-01
1.851147413253784180e+00 -1.212470889091491699e+00
-8.467209935188293457e-01 -7.501410841941833496e-01
6.072492003440856934e-01 3.065537214279174805e-01
3.191475570201873779e-01 3.564445972442626953e-01
-5.024265050888061523e-01 -6.103047132492065430e-01
6.472803950309753418e-01 1.409284025430679321e-01
-7.473373785614967346e-03 1.804569602012634277e+00
5.352194905281066895e-01 -9.176522493362426758e-01
-2.523781359195709229e-01 6.845584511756896973e-01
-5.325115919113159180e-01 4.558681696653366089e-02
9.320702552795410156e-01 2.337537050247192383e+00
3.489731550216674805e-01 -5.976537466049194336e-01
-2.599075078964233398e+00 -5.544426441192626953e-01
1.371017545461654663e-01 -1.928934603929519653e-01
-1.525509357452392578e+00 5.180179476737976074e-01
2.354846477508544922e+00 1.208976268768310547e+00
-1.215041041374206543e+00 2.462779283523559570e-01
-9.321479797363281250e-01 2.273957282304763794e-01
2.164603710174560547e+00 2.284512370824813843e-01
4.025700092315673828e-01 2.082875818014144897e-01
7.054385542869567871e-02 -1.511684894561767578e+00
1.856170058250427246e+00 7.726728320121765137e-01
1.425603479146957397e-01 1.230294108390808105e-01
1.559515953063964844e+00 -1.062587276101112366e-01
-1.352251529693603516e+00 1.300406217575073242e+00
1.019481062889099121e+00 1.930676937103271484e+00
1.192751407623291016e+00 -1.086613893508911133e+00
-1.002054691314697266e+00 -1.525356769561767578e-01
-1.227906584739685059e+00 -6.502273678779602051e-02
-1.007737874984741211e+00 5.849690437316894531e-01
-9.309025406837463379e-01 -9.806864857673645020e-01
-1.899598836898803711e-01 3.428385257720947266e-01
-9.651411771774291992e-01 -1.477989673614501953e+00
4.525892436504364014e-02 -1.043432235717773438e+00
-8.105422854423522949e-01 2.096235305070877075e-01
-7.762236595153808594e-01 -1.643184900283813477e+00
2.225677490234375000e+00 -3.136989176273345947e-01
9.046511054039001465e-01 7.210627943277359009e-02
6.264586448669433594e-01 -3.262025713920593262e-01
4.714528322219848633e-01 4.356001913547515869e-01
2.124635696411132812e+00 8.426730036735534668e-01
9.572639130055904388e-03 -8.906458020210266113e-01
-1.060417145490646362e-01 -3.046447038650512695e-01
-2.163433581590652466e-01 -1.163692101836204529e-01
-3.685302138328552246e-01 -8.051772713661193848e-01
8.141371607780456543e-02 1.089364886283874512e+00
9.596726894378662109e-01 -1.301902413368225098e+00
-6.425111740827560425e-02 -4.231220781803131104e-01
-9.597538411617279053e-02 7.995776832103729248e-02
1.949408054351806641e-01 -3.408514559268951416e-01
-1.469749212265014648e-01 -5.434624552726745605e-01
-1.203452467918395996e+00 8.170057833194732666e-02
-1.103516221046447754e+00 4.550625085830688477e-01
5.254061818122863770e-01 1.014201879501342773e+00
-1.655859947204589844e-01 1.876285910606384277e+00
7.340875267982482910e-01 -1.608379185199737549e-01
-8.829711675643920898e-01 -7.069346904754638672e-01
4.484579861164093018e-01 -1.070782661437988281e+00
1.207876801490783691e-01 1.021321415901184082e+00
1.110964298248291016e+00 2.910323143005371094e-01
-1.275819420814514160e+00 -3.051386475563049316e-01
3.086293041706085205e-01 3.190836310386657715e-02
-1.906793475151062012e+00 1.312368512153625488e+00
6.570131182670593262e-01 5.026419162750244141e-01
-3.280560076236724854e-01 9.990925192832946777e-01
2.157827839255332947e-03 5.234706997871398926e-01
-1.535087227821350098e+00 9.823754429817199707e-01
-1.359775543212890625e+00 -4.832422137260437012e-01
4.185227155685424805e-01 1.674313545227050781e-01
1.644097566604614258e+00 8.836783170700073242e-01
-1.865612715482711792e-01 -2.549783289432525635e-01
-1.161724999547004700e-01 1.056463599205017090e+00
2.683866262435913086e+00 -8.869425058364868164e-01
-1.694397926330566406e-01 7.483158707618713379e-01
-8.282416462898254395e-01 8.899933099746704102e-01
7.342666387557983398e-01 -1.555846452713012695e+00
1.213369965553283691e+00 -1.235390782356262207e+00
1.071543216705322266e+00 1.375172257423400879e+00
5.374385714530944824e-01 1.100162863731384277e-01
6.470544934272766113e-01 6.910553574562072754e-01
-1.631543517112731934e+00 6.858326196670532227e-01
-4.743606150150299072e-01 1.012968659400939941e+00
1.006277948617935181e-01 -3.225835561752319336e-01
9.324167966842651367e-01 -1.126702070236206055e+00
9.362755715847015381e-02 1.690807223320007324e+00
9.510450363159179688e-01 -6.404531747102737427e-02
4.559396207332611084e-02 -6.696459054946899414e-01
6.885578040964901447e-04 -8.267595171928405762e-01
-8.514550328254699707e-01 -9.573297500610351562e-01
-9.447306394577026367e-01 -6.928517222404479980e-01
-5.328721925616264343e-02 -5.733300447463989258e-01
-1.790913194417953491e-01 1.076472163200378418e+00
1.680297404527664185e-01 -9.636042714118957520e-01
2.273373007774353027e-01 7.332124710083007812e-01
2.393914312124252319e-01 -2.691689252853393555e+00
2.927570641040802002e-01 -6.100965142250061035e-01
1.200863838195800781e+00 5.509499907493591309e-01
-3.636202216148376465e-01 2.188048064708709717e-01
-3.242036402225494385e-01 -1.088417053222656250e+00
5.581832528114318848e-01 -4.205731153488159180e-01
-1.011910662055015564e-01 -3.929540216922760010e-01
-1.639271140098571777e+00 3.706340491771697998e-01
-7.929955124855041504e-01 -1.593040227890014648e-01
2.054839730262756348e-01 1.756406724452972412e-01
8.241117596626281738e-01 9.982349723577499390e-02
-1.404457837343215942e-01 7.366349548101425171e-02
5.592892169952392578e-01 -2.300479650497436523e+00
-6.648602336645126343e-02 1.709341108798980713e-01
7.478627562522888184e-01 1.239438533782958984e+00
-8.421860933303833008e-01 7.955322265625000000e-01
-1.250259876251220703e+00 2.128603935241699219e+00
1.376000523567199707e+00 1.228808999061584473e+00
-1.638086885213851929e-01 1.096214890480041504e+00
-2.902387082576751709e-01 3.735713660717010498e-02
-1.688592195510864258e+00 -3.630338609218597412e-01
-1.095356225967407227e+00 -4.395205974578857422e-01
-6.174116730690002441e-01 -1.345513105392456055e+00
1.735790371894836426e-01 1.290954351425170898e-01
9.415544271469116211e-01 -8.616357445716857910e-01
1.933204531669616699e+00 -3.697915971279144287e-01
-7.945194244384765625e-01 -2.963967323303222656e-01
3.604061305522918701e-01 -5.705245733261108398e-01
-1.170782089233398438e+00 9.673807621002197266e-01
-1.369980335235595703e+00 1.446336984634399414e+00
-1.354657173156738281e+00 3.455893397331237793e-01
1.790535002946853638e-01 1.012038707733154297e+00
-3.736384212970733643e-01 8.477874994277954102e-01
5.635348558425903320e-01 -4.337551072239875793e-02
-5.894085764884948730e-01 8.087019324302673340e-01
6.553502678871154785e-01 -3.276706337928771973e-01
5.857583284378051758e-01 -4.458520710468292236e-01
1.193976998329162598e+00 -1.351078987121582031e+00
-4.312993586063385010e-02 1.269099414348602295e-01
-1.647769331932067871e+00 -4.608679711818695068e-01
-7.511305809020996094e-01 -3.809772729873657227e-01
2.849162817001342773e-01 -7.471437454223632812e-01
7.179992198944091797e-01 -6.157736778259277344e-01
-2.368057519197463989e-01 6.221827864646911621e-01
1.592088639736175537e-01 -9.256179928779602051e-01
4.444366097450256348e-01 8.627971410751342773e-01
7.822269201278686523e-01 3.683119416236877441e-01
-2.068578302860260010e-01 1.108587384223937988e+00
8.325857520103454590e-01 3.439039587974548340e-01
-8.253996372222900391e-01 -2.033087968826293945e+00
1.122162342071533203e+00 -9.298095107078552246e-02
7.085449099540710449e-01 -9.101437330245971680e-01
-1.005042195320129395e+00 1.777870178222656250e+00
7.675102353096008301e-01 -1.230101108551025391e+00
1.188130080699920654e-01 7.724032551050186157e-02
-3.843612074851989746e-01 1.232620835304260254e+00
7.805015444755554199e-01 2.500144243240356445e+00
-1.595231413841247559e+00 -1.473202705383300781e+00
-1.984407186508178711e+00 -1.640034675598144531e+00
-8.762070536613464355e-01 -6.516878604888916016e-01
-1.491859555244445801e+00 2.317468404769897461e+00
9.725028872489929199e-01 -1.881804108619689941e+00
-1.539907902479171753e-01 -2.807998955249786377e-01
-1.651573479175567627e-01 1.318549990653991699e+00
-2.150623798370361328e-01 -6.964717507362365723e-01
-7.268950343132019043e-01 -1.858772709965705872e-03
-5.826471447944641113e-01 8.461496978998184204e-02
-9.089473485946655273e-01 6.660863757133483887e-01
6.801543235778808594e-01 4.108976423740386963e-01
-4.695914685726165771e-02 5.068714618682861328e-01
-1.044004410505294800e-01 -1.062731504440307617e+00
6.556116342544555664e-01 -2.595020830631256104e-01
4.615730140358209610e-03 5.431761145591735840e-01
-4.001961350440979004e-01 -7.724177241325378418e-01
-1.649799466133117676e+00 -4.615569114685058594e-01
-7.786499857902526855e-01 -5.633382797241210938e-01
3.074036836624145508e-01 -7.366961240768432617e-02
4.736282527446746826e-01 -2.383107841014862061e-01
-2.202883720397949219e+00 7.028720974922180176e-01
-1.047904849052429199e+00 2.040446996688842773e+00
-4.201346337795257568e-01 -9.655687808990478516e-01
-6.178428605198860168e-02 1.182806491851806641e+00
