1.683848977088928223e+00 -2.327021956443786621e-01
8.738141655921936035e-01 -2.646701633930206299e-01
1.758055329322814941e+00 -9.344112873077392578e-01
-9.806233048439025879e-01 5.837635993957519531e-01
9.147392213344573975e-02 -1.403309822082519531e+00
-7.431957125663757324e-01 -1.318464756011962891e+00
-1.203509569168090820e+00 2.366525411605834961e+00
-1.274978280067443848e+00 -1.299135088920593262e-01
1.141388416290283203e+00 -7.806403636932373047e-01
-2.364846467971801758e-01 -3.825156390666961670e-01
-5.160940885543823242e-01 -4.655389785766601562e-01
8.102384209632873535e-01 2.953739278018474579e-02
1.118736505508422852e+00 6.749149560928344727e-01
-6.255090236663818359e-01 1.598428130149841309e+00
-1.380641102790832520e+00 1.776730269193649292e-01
2.466226965188980103e-01 3.686586618423461914e-01
-1.427810072898864746e+00 -1.588480114936828613e+00
2.996582984924316406e-01 3.895062804222106934e-01
6.633061766624450684e-01 5.206628441810607910e-01
-6.116821169853210449e-01 -1.289586305618286133e+00
-1.823614954948425293e+00 1.054875969886779785e+00
-1.209727168083190918e+00 3.720347285270690918e-01
1.721540689468383789e+00 1.874355077743530273e+00
1.805336356163024902e+00 -3.498976230621337891e-01
1.583230972290039062e+00 6.847234964370727539e-01
-5.343103408813476562e-01 1.766381859779357910e+00
7.899512052536010742e-01 5.682147145271301270e-01
6.353994607925415039e-01 1.650689691305160522e-01
-1.515110731124877930e+00 -9.307445287704467773e-01
-2.156972408294677734e+00 -1.620317935943603516e+00
1.125101685523986816e+00 1.839239001274108887e-01
-7.382370233535766602e-01 1.080080747604370117e+00
-4.965749084949493408e-01 -6.885200738906860352e-01
-7.433649897575378418e-02 4.625505805015563965e-01
2.374377489089965820e+00 -1.261871814727783203e+00
-7.310946583747863770e-01 -6.580144166946411133e-01
-4.463493525981903076e-01 9.030444025993347168e-01
1.150532126426696777e+00 2.142616510391235352e-01
2.906143367290496826e-01 4.070468544960021973e-01
4.276188015937805176e-01 1.544086217880249023e+00
-1.195391893386840820e+00 -7.841044664382934570e-02
5.885258316993713379e-01 5.020505189895629883e-01
1.587330698966979980e+00 1.343142092227935791e-01
-6.037704274058341980e-02 1.195297598838806152e+00
-1.250886619091033936e-01 6.585073471069335938e-02
-2.085784435272216797e+00 7.202098369598388672e-01
-5.701222419738769531e-01 4.435940980911254883e-01
1.122145652770996094e+00 7.325898408889770508e-01
-3.556256890296936035e-01 1.410762786865234375e+00
1.210148930549621582e+00 1.441380500793457031e+00
8.930569291114807129e-01 5.039979815483093262e-01
3.954661786556243896e-01 -2.326692342758178711e-01
3.700914084911346436e-01 -1.016410827636718750e+00
1.181907176971435547e+00 3.655047416687011719e-01
-7.526863813400268555e-01 2.724206149578094482e-01
7.413230538368225098e-01 -1.260944604873657227e+00
-8.507617712020874023e-01 -1.351185679435729980e+00
1.349405884742736816e+00 -3.766136765480041504e-01
-9.824907779693603516e-01 1.275600433349609375e+00
-1.882498115301132202e-01 -2.147955656051635742e+00
-2.797013819217681885e-01 1.831425189971923828e+00
5.006333589553833008e-01 4.760598242282867432e-01
-2.589057385921478271e-01 1.089815974235534668e+00
1.764105677604675293e+00 1.128912091255187988e+00
6.860803365707397461e-01 -6.410888433456420898e-01
-1.624120712280273438e+00 -1.783198356628417969e+00
3.665554895997047424e-02 -4.753824472427368164e-01
-1.259565949440002441e+00 -7.832232117652893066e-01
-1.997627466917037964e-01 1.096601366996765137e+00
-1.398378849029541016e+00 9.672240614891052246e-01
-8.394299149513244629e-01 2.122517585754394531e+00
-1.156872391700744629e+00 -4.617319703102111816e-01
1.146029233932495117e+00 -9.584771394729614258e-01
-2.703282982110977173e-02 -1.312413811683654785e+00
3.084545433521270752e-01 1.213303327560424805e+00
-3.378832638263702393e-01 7.340865731239318848e-01
9.509807825088500977e-01 1.820893287658691406e+00
1.970022082328796387e+00 3.872501850128173828e-01
6.800385713577270508e-01 1.622544825077056885e-01
7.037431001663208008e-02 5.447820425033569336e-01
9.361976385116577148e-01 -8.110145330429077148e-01
4.582869410514831543e-01 -8.127276301383972168e-01
4.442023038864135742e-01 1.348745822906494141e+00
1.426712632179260254e+00 3.693824112415313721e-01
1.125695705413818359e+00 5.017685294151306152e-01
7.859694361686706543e-01 1.946237564086914062e+00
5.347377657890319824e-01 -1.010041952133178711e+00
3.504202067852020264e-01 -2.759343385696411133e-01
-1.843687295913696289e-01 9.200571775436401367e-01
1.008272528648376465e+00 7.250474691390991211e-01
-1.223337411880493164e+00 -6.509360671043395996e-01
1.056258797645568848e+00 1.520888805389404297e-01
1.180555857717990875e-02 -1.203035831451416016e+00
5.862630605697631836e-01 6.096114516258239746e-01
5.692716240882873535e-01 1.258165836334228516e+00
-1.290194511413574219e+00 -1.994892716407775879e+00
-1.187667846679687500e-01 1.743862986564636230e+00
-1.344848394393920898e+00 -6.989383101463317871e-01
-1.181515812873840332e+00 3.687158226966857910e-01
-4.898669421672821045e-01 1.270927935838699341e-01
-8.320693373680114746e-01 -1.615798473358154297e+00
5.281701087951660156e-01 8.533236980438232422e-01
4.373991489410400391e-01 6.545824408531188965e-01
3.539667427539825439e-01 -8.526719808578491211e-01
-8.870638161897659302e-02 1.188812732696533203e+00
-8.334673643112182617e-01 -8.681669235229492188e-01
-1.967184901237487793e+00 -1.604437828063964844e-01
-2.125459611415863037e-01 -1.703813314437866211e+00
-1.059080138802528381e-01 5.054589733481407166e-02
1.111457467079162598e+00 -2.976116240024566650e-01
-4.295047521591186523e-01 -2.109586477279663086e+00
-2.984982430934906006e-01 2.883019745349884033e-01
9.143417477607727051e-01 -1.694499850273132324e+00
-2.664274692535400391e+00 -6.866292357444763184e-01
-6.389560103416442871e-01 1.093328148126602173e-01
2.734619379043579102e-01 2.042982339859008789e+00
-1.205721259117126465e+00 -7.222331166267395020e-01
6.803496479988098145e-01 1.205145120620727539e+00
8.774221539497375488e-01 -7.107601165771484375e-01
-4.817082285881042480e-01 3.130395710468292236e-01
1.269542098045349121e+00 -3.922055959701538086e-01
7.154511809349060059e-01 -1.469396054744720459e-01
1.099137589335441589e-01 -1.884227693080902100e-01
1.133331954479217529e-01 4.267030954360961914e-02
-1.893398165702819824e+00 1.616558551788330078e+00
-9.433483332395553589e-02 1.293444037437438965e+00
-3.298009634017944336e-01 -1.874529719352722168e-01
-4.870301112532615662e-02 -3.546841815114021301e-02
-1.187013030052185059e+00 5.568593144416809082e-01
3.821678161621093750e-01 -5.103885531425476074e-01
3.081658482551574707e-01 1.234268620610237122e-01
-9.971204400062561035e-01 1.934577345848083496e+00
-1.628504276275634766e+00 7.713940739631652832e-01
-3.608078360557556152e-01 9.590594172477722168e-01
-2.558775544166564941e-01 -7.874958962202072144e-02
-9.182652235031127930e-01 -2.522786855697631836e-01
7.847663760185241699e-01 -1.296156525611877441e+00
-1.071461558341979980e+00 -2.445687949657440186e-01
-9.545548558235168457e-01 -1.108463048934936523e+00
-2.451194971799850464e-01 -9.384860992431640625e-01
-1.489897727966308594e+00 4.609055817127227783e-01
-4.104474931955337524e-02 -9.128546118736267090e-01
-8.143777251243591309e-01 -8.997480273246765137e-01
-4.200032651424407959e-01 1.264913320541381836e+00
1.772259771823883057e-01 6.641188859939575195e-01
-1.123589873313903809e+00 -1.710682153701782227e+00
1.367819309234619141e+00 -1.301563739776611328e+00
-1.188947558403015137e+00 -8.210467100143432617e-01
-1.180535078048706055e+00 -1.766839265823364258e+00
5.565038919448852539e-01 2.836591601371765137e-01
1.807692460715770721e-02 2.537893950939178467e-01
7.407259345054626465e-01 -3.024453520774841309e-01
-8.023054599761962891e-01 9.432974457740783691e-02
-1.790298819541931152e+00 6.421701908111572266e-01
-1.579174995422363281e-01 6.134389638900756836e-01
1.186483740806579590e+00 2.134370058774948120e-02
6.547119617462158203e-01 1.332719922065734863e+00
9.178184866905212402e-01 1.703610777854919434e+00
-1.778940796852111816e+00 -1.431789517402648926e+00
-1.151529606431722641e-02 4.736711680889129639e-01
2.252311445772647858e-02 2.355873584747314453e-01
1.291209459304809570e+00 -3.189722299575805664e+00
4.934320747852325439e-01 2.549745440483093262e-01
-4.014258086681365967e-01 -2.193213701248168945e+00
-1.288995623588562012e+00 9.037022590637207031e-01
1.236457601189613342e-01 -5.966407060623168945e-01
-1.393256902694702148e+00 1.137231707572937012e+00
1.057358384132385254e+00 6.162061095237731934e-01
-2.532709240913391113e-01 -7.729799151420593262e-01
-1.073041200637817383e+00 -1.606150031089782715e+00
-1.085446029901504517e-01 1.116125583648681641e+00
1.023461818695068359e+00 1.218148231506347656e+00
6.512704491615295410e-01 -1.540125131607055664e+00
-1.149341225624084473e+00 -1.713849663734436035e+00
-1.973652690649032593e-01 -1.845405995845794678e-01
-1.230003908276557922e-01 1.798405766487121582e+00
6.247214674949645996e-01 2.062934160232543945e+00
4.050794243812561035e-01 9.313060641288757324e-01
-7.456517815589904785e-01 -1.476979255676269531e-01
1.209302306175231934e+00 3.539404273033142090e-01
-1.514586091041564941e+00 -1.521051287651062012e+00
-5.941667407751083374e-02 -8.372193574905395508e-01
-1.813216060400009155e-01 -1.048930883407592773e+00
7.217981815338134766e-01 5.968537926673889160e-02
-1.112197637557983398e+00 4.217268154025077820e-02
-8.852060139179229736e-02 -9.048347473144531250e-01
-9.533091783523559570e-01 -1.126595020294189453e+00
-1.615859717130661011e-01 -2.822111546993255615e-02
1.631873846054077148e+00 1.266000270843505859e+00
6.265982389450073242e-01 -3.971744179725646973e-01
-7.751883864402770996e-01 8.116593956947326660e-01
1.908355951309204102e-01 5.339946150779724121e-01
-9.734730124473571777e-01 3.347897902131080627e-02
1.541360020637512207e+00 2.796589732170104980e-01
-8.245120644569396973e-01 6.611819863319396973e-01
-2.574358284473419189e-01 -1.114030122756958008e+00
1.036902591586112976e-01 1.054633259773254395e+00
-1.082323908805847168e+00 -1.858200430870056152e+00
-6.897613406181335449e-02 -3.002341091632843018e-01
7.707262635231018066e-01 2.915658473968505859e+00
9.995207786560058594e-01 2.212147235870361328e+00
-2.273582071065902710e-01 1.310057640075683594e-01
9.341493248939514160e-01 3.565206527709960938e+00
-6.963054537773132324e-01 -4.682203531265258789e-01
-1.039551973342895508e+00 -6.001641228795051575e-02
-1.653449386358261108e-01 7.686686515808105469e-01
2.788624465465545654e-01 5.458457469940185547e-01
1.297964334487915039e+00 -1.110258460044860840e+00
-1.635923862457275391e+00 -9.492934346199035645e-01
-4.080269336700439453e-01 5.438969731330871582e-01
1.304363369941711426e+00 -2.043877989053726196e-01
5.050936341285705566e-01 3.833566009998321533e-01
-1.578363776206970215e+00 1.600896000862121582e+00
5.331423282623291016e-01 1.944440752267837524e-01
5.534628033638000488e-01 2.778909206390380859e-01
6.797713637351989746e-01 9.153369069099426270e-01
-9.150567054748535156e-01 8.013998866081237793e-01
1.284398913383483887e+00 1.298729777336120605e+00
-9.609923511743545532e-02 -6.220828294754028320e-01
4.319817125797271729e-01 -9.196255803108215332e-01
8.781056404113769531e-01 1.264229416847229004e-01
1.954560168087482452e-02 -5.242447257041931152e-01
8.620167374610900879e-01 -4.012398719787597656e-01
3.134089708328247070e-02 -1.960165947675704956e-01
-5.264549851417541504e-01 4.422187209129333496e-01
-1.355217099189758301e-01 1.627157688140869141e+00
7.361567616462707520e-01 -6.501073241233825684e-01
-3.901207149028778076e-01 -1.338343918323516846e-01
-6.001855731010437012e-01 -3.943689167499542236e-01
2.410611212253570557e-01 1.898187160491943359e+00
-1.077268123626708984e-01 -1.093503594398498535e+00
-7.581070810556411743e-02 -1.193305611610412598e+00
-1.536567330360412598e+00 1.689656138420104980e+00
-7.220695018768310547e-01 2.480754256248474121e-01
-1.714427113533020020e+00 1.210845708847045898e+00
-8.576815128326416016e-01 -8.979800343513488770e-02
2.306142091751098633e+00 2.386817336082458496e-01
3.509020507335662842e-01 3.713833987712860107e-01
-1.596850156784057617e+00 -7.519223690032958984e-01
3.077279776334762573e-02 6.059921979904174805e-01
-4.811525344848632812e-01 -2.665333747863769531e-01
-8.582670092582702637e-01 3.144996166229248047e-01
-1.240159392356872559e+00 1.412981152534484863e+00
-7.264904975891113281e-01 8.793005347251892090e-01
-1.018450140953063965e+00 -2.031519412994384766e+00
-7.458209395408630371e-01 5.320476889610290527e-01
-1.118737101554870605e+00 -1.220780611038208008e+00
-3.966959118843078613e-01 -9.737588167190551758e-01
4.790018200874328613e-01 -4.838032424449920654e-01
1.647490143775939941e+00 2.171755135059356689e-01
-3.182843208312988281e+00 -6.932574510574340820e-01
3.517214655876159668e-01 -6.754114627838134766e-01
-2.076267004013061523e+00 -6.972577571868896484e-01
-1.002030968666076660e+00 7.699167728424072266e-01
9.372376203536987305e-01 -2.546515166759490967e-01
-7.098940759897232056e-02 -1.338420987129211426e+00
-5.375206470489501953e-02 -9.404669404029846191e-01
-4.341949895024299622e-02 7.008396387100219727e-01
-2.099037647247314453e+00 2.608948051929473877e-01
-1.126655697822570801e+00 1.340209841728210449e+00
-4.934686720371246338e-01 2.608073055744171143e-01
-1.403080344200134277e+00 -9.907910227775573730e-02
-1.372912764549255371e+00 -3.969827592372894287e-01
3.507073819637298584e-01 -1.158560752868652344e+00
3.900430798530578613e-01 4.351636767387390137e-01
-1.267380237579345703e+00 2.119041681289672852e+00
1.382145047187805176e+00 7.892807126045227051e-01
-6.393480300903320312e-01 6.958665251731872559e-01
-7.434439659118652344e-01 7.639893293380737305e-01
-6.868975758552551270e-01 7.858691811561584473e-01
8.832090497016906738e-01 2.820402383804321289e-01
-1.880305409431457520e-01 -1.268187761306762695e+00
1.261456459760665894e-01 4.693818278610706329e-03
8.235931396484375000e-02 -1.339325189590454102e+00
5.550700053572654724e-02 -1.181678771972656250e+00
3.323179483413696289e-01 -5.642794966697692871e-01
-6.121661663055419922e-01 2.222471237182617188e+00
-5.385736823081970215e-01 2.283504486083984375e+00
3.884882926940917969e-01 1.199161633849143982e-01
-2.874376296997070312e+00 -1.931769251823425293e-01
4.119915664196014404e-01 -7.334216833114624023e-01
1.635180413722991943e-01 -1.568306088447570801e+00
2.169917345046997070e+00 -6.920202374458312988e-01
1.513566493988037109e+00 -8.945999145507812500e-01
1.297621250152587891e+00 5.545914769172668457e-01
-4.153285026550292969e-01 1.169882714748382568e-01
5.292420983314514160e-01 -1.521301984786987305e+00
6.993238925933837891e-01 -2.630285322666168213e-01
6.924384832382202148e-01 -5.913705229759216309e-01
1.784633100032806396e-01 5.666120648384094238e-01
4.788111746311187744e-01 2.963539063930511475e-01
1.205758333206176758e+00 7.587119936943054199e-02
-1.809124588966369629e+00 5.941047668457031250e-01
8.237280249595642090e-01 5.626254081726074219e-01
6.987624764442443848e-01 -6.924449801445007324e-01
-1.302863508462905884e-01 -1.047772884368896484e+00
2.832238197326660156e+00 -2.458600252866744995e-01
9.017443656921386719e-01 5.835180282592773438e-01
1.594453305006027222e-01 -1.522222459316253662e-01
-1.438388347625732422e+00 -1.329620838165283203e+00
-6.926389336585998535e-01 5.334061384201049805e-01
3.911504447460174561e-01 2.177544385194778442e-01
1.063686847686767578e+00 1.984735876321792603e-01
6.985012292861938477e-01 8.634095788002014160e-01
1.492543816566467285e+00 3.517563939094543457e-01
6.625970005989074707e-01 3.784233331680297852e-01
1.357133269309997559e+00 -6.935487389564514160e-01
1.961097598075866699e+00 -2.849499881267547607e-01
2.283416748046875000e+00 1.283009499311447144e-01
1.660517454147338867e+00 6.566146612167358398e-01
-6.554265022277832031e-01 -1.390854716300964355e+00
4.444884359836578369e-01 5.059096217155456543e-01
1.507338285446166992e-01 -5.037851929664611816e-01
1.430474400520324707e+00 1.412268161773681641e+00
1.134558171033859253e-01 4.464358389377593994e-01
1.449826806783676147e-01 -3.404202759265899658e-01
2.987774908542633057e-01 -2.784387469291687012e-01
-3.793160915374755859e-01 9.765264987945556641e-01
-1.672825336456298828e+00 -7.621650099754333496e-01
-9.147469401359558105e-01 5.157953500747680664e-01
2.022034078836441040e-01 -6.894432306289672852e-01
-9.418085813522338867e-01 5.868583917617797852e-01
4.411192238330841064e-01 -7.244278788566589355e-01
-1.042129874229431152e+00 -6.678752303123474121e-01
-2.880955487489700317e-02 2.394297420978546143e-01
-1.848928183317184448e-01 1.646200776100158691e+00
4.482230842113494873e-01 -1.638067126274108887e+00
4.695678651332855225e-01 8.972613513469696045e-02
1.857045739889144897e-01 1.113271042704582214e-01
-2.809162624180316925e-02 2.391113638877868652e-01
-4.135491847991943359e-01 9.200675487518310547e-01
-9.432434439659118652e-01 1.827965229749679565e-01
-8.205804228782653809e-01 -9.252674877643585205e-02
3.749518990516662598e-01 2.437259554862976074e-01
4.061746597290039062e-01 1.040709733963012695e+00
-6.476062536239624023e-01 -9.281494617462158203e-01
-4.000821411609649658e-01 -1.060168385505676270e+00
-7.495029568672180176e-01 -2.563808858394622803e-01
-2.192591428756713867e-01 -1.801347285509109497e-01
-6.817519664764404297e-01 -7.359325140714645386e-02
-1.101336121559143066e+00 9.106590747833251953e-01
-1.590285539627075195e+00 -4.916591048240661621e-01
-5.073747634887695312e-01 -9.235062003135681152e-01
-4.166188836097717285e-01 -3.427152037620544434e-01
8.737620115280151367e-01 1.031675696372985840e+00
-1.074580907821655273e+00 -1.681218445301055908e-01
-4.916162490844726562e-01 -1.710732460021972656e+00
-3.623838722705841064e-02 -1.440734148025512695e+00
7.876626849174499512e-01 -5.428085327148437500e-01
-1.050023317337036133e+00 1.521033644676208496e-01
-3.651862740516662598e-01 -2.407713651657104492e+00
-9.326538443565368652e-01 9.479473233222961426e-01
3.328939080238342285e-01 -2.504717707633972168e-01
-5.731958150863647461e-01 4.861086308956146240e-01
-1.096681237220764160e+00 1.733825728297233582e-02
-1.146865844726562500e+00 4.397876858711242676e-01
1.070956945419311523e+00 -2.077019214630126953e+00
1.154236197471618652e+00 1.806329965591430664e+00
1.336658120155334473e+00 4.093279242515563965e-01
9.994121193885803223e-01 -2.055599838495254517e-01
-1.372230648994445801e+00 -2.316857278347015381e-01
-7.211647927761077881e-02 -7.002478241920471191e-01
1.383446335792541504e+00 4.596304148435592651e-02
7.984796762466430664e-01 -6.041897535324096680e-01
9.439499378204345703e-01 -9.337905049324035645e-01
2.383837938308715820e+00 -9.160815924406051636e-02
2.448890954256057739e-01 -1.762405931949615479e-01
-6.375974416732788086e-01 2.938820123672485352e-01
1.077433347702026367e+00 1.726471632719039917e-01
9.056370258331298828e-01 -6.692865863442420959e-03
-8.931656479835510254e-01 5.824124217033386230e-01
-1.009873986244201660e+00 -2.138083428144454956e-01
1.275004625320434570e+00 4.099948704242706299e-01
-1.078117251396179199e+00 -1.382059812545776367e+00
-7.223176360130310059e-01 1.256263136863708496e+00
-2.218106746673583984e+00 1.229345705360174179e-02
-1.438996195793151855e+00 -1.261783123016357422e+00
7.152457237243652344e-01 -1.411691427230834961e+00
-1.415582150220870972e-01 -2.559937238693237305e-01
5.480143427848815918e-01 1.102662086486816406e+00
-1.635936021804809570e+00 -9.483705759048461914e-01
2.081967890262603760e-01 -7.827871441841125488e-01
-1.542107820510864258e+00 1.295750141143798828e+00
-1.008765459060668945e+00 -7.148742079734802246e-01
-6.591593474149703979e-02 -7.698208093643188477e-01
-3.941798955202102661e-02 -2.274695411324501038e-02
4.143985509872436523e-01 -1.571917772293090820e+00
1.322109222412109375e+00 -8.939737081527709961e-02
-5.965781807899475098e-01 -7.374325394630432129e-02
5.851423740386962891e-01 1.335816681385040283e-01
-9.687815308570861816e-01 -1.618000626564025879e+00
8.531944751739501953e-01 -1.242442607879638672e+00
7.160145044326782227e-01 -2.237435430288314819e-03
5.318103432655334473e-01 -1.440054416656494141e+00
2.500016093254089355e-01 1.023874878883361816e+00
1.252071142196655273e+00 4.202760457992553711e-01
7.879132032394409180e-01 -6.824144721031188965e-01
8.352670669555664062e-01 2.022324651479721069e-01
1.069649696350097656e+00 1.847006380558013916e-01
-2.815497219562530518e-01 -1.922543644905090332e+00
1.407271325588226318e-01 -4.566034376621246338e-01
-1.373775720596313477e+00 4.396069049835205078e-01
1.847188323736190796e-01 1.479085445404052734e+00
3.206477463245391846e-01 6.811054348945617676e-01
-1.410497188568115234e+00 -1.752312421798706055e+00
3.560177981853485107e-02 7.363841682672500610e-02
1.917392253875732422e+00 -5.008508563041687012e-01
-1.695428609848022461e+00 -2.299915850162506104e-01
1.330921530723571777e+00 -2.941627204418182373e-01
-1.255241394042968750e+00 6.803921461105346680e-01
4.662481248378753662e-01 -1.132939159870147705e-01
-3.823130130767822266e-01 -1.629847288131713867e+00
-3.538659214973449707e-02 3.062588274478912354e-01
8.563016057014465332e-01 1.567441463470458984e+00
-8.441638946533203125e-01 7.899537682533264160e-02
-1.308085441589355469e+00 -2.403321981430053711e+00
8.986357450485229492e-01 6.306662559509277344e-01
-3.487391471862792969e-01 -4.421693682670593262e-01
1.606373637914657593e-01 -2.362652868032455444e-01
-9.889856576919555664e-01 8.037519454956054688e-01
1.060502529144287109e+00 1.810620427131652832e+00
-1.431012511253356934e+00 5.392647981643676758e-01
6.918705701828002930e-01 -2.878613471984863281e-01
-7.358549237251281738e-01 4.093422368168830872e-02
-8.385626673698425293e-01 -4.916801452636718750e-01
-9.629252552986145020e-01 1.578386425971984863e-01
-1.751264214515686035e+00 6.248481869697570801e-01
-1.603054046630859375e+00 9.725022315979003906e-01
6.022067070007324219e-01 7.985641360282897949e-01
-9.077115654945373535e-01 2.077496349811553955e-01
2.079391479492187500e+00 1.059674739837646484e+00
-1.770902633666992188e+00 8.791578412055969238e-01
7.108841836452484131e-02 -1.080753445625305176e+00
-1.550976157188415527e+00 -9.059975743293762207e-01
-7.230495214462280273e-01 -1.760551035404205322e-01
4.895281791687011719e-01 1.220147728919982910e+00
-7.055584788322448730e-01 -1.714256048202514648e+00
-3.956300318241119385e-01 1.173396706581115723e+00
-7.236114740371704102e-01 1.623957991600036621e+00
-9.885445237159729004e-01 7.368903756141662598e-01
4.352326393127441406e-01 1.768144369125366211e+00
9.767020344734191895e-01 1.504712998867034912e-01
2.096656799316406250e+00 -3.427214622497558594e-01
-5.542463064193725586e-01 -6.878122687339782715e-01
-1.076807022094726562e+00 -2.126723766326904297e+00
1.079740077257156372e-01 3.840943574905395508e-01
6.827063560485839844e-01 -7.568975687026977539e-01
-5.565241575241088867e-01 -2.727779746055603027e-01
3.120747566223144531e+00 -9.103772044181823730e-01
4.676426053047180176e-01 9.027906060218811035e-01
-1.452220797538757324e+00 -1.699187040328979492e+00
1.029064774513244629e+00 -3.987301290035247803e-01
-1.111789703369140625e+00 7.837021350860595703e-01
-1.143759369850158691e+00 -1.359358429908752441e+00
-5.685212090611457825e-02 1.311902523040771484e+00
-3.167080283164978027e-01 5.827581882476806641e-01
-5.344352722167968750e-01 1.783674359321594238e-01
2.250109165906906128e-01 2.734928429126739502e-01
2.893287837505340576e-01 1.394589304924011230e+00
4.244753122329711914e-01 1.363402605056762695e+00
9.145273566246032715e-01 -7.722190022468566895e-01
3.793794214725494385e-01 -5.920264124870300293e-01
-3.075743913650512695e-01 -1.157886028289794922e+00
1.434346884489059448e-01 1.415128827095031738e+00
3.933824002742767334e-01 -1.696301937103271484e+00
2.029484748840332031e+00 -1.195506572723388672e+00
3.526856899261474609e-01 -3.146196529269218445e-02
1.784824013710021973e+00 -9.878313541412353516e-01
-1.670473337173461914e+00 -1.665505886077880859e+00
-7.798554897308349609e-01 4.888285994529724121e-01
-8.866009712219238281e-01 -1.079669475555419922e+00
1.157607555389404297e+00 8.519621193408966064e-02
-1.393644928932189941e+00 6.981077194213867188e-01
-7.664043456315994263e-02 1.021694421768188477e+00
2.637888863682746887e-02 1.476748704910278320e+00
-1.967945322394371033e-02 1.023212432861328125e+00
4.819342792034149170e-01 4.746261537075042725e-01
-1.141114830970764160e+00 -1.058204054832458496e+00
5.711488425731658936e-02 -9.300594925880432129e-01
-9.808254241943359375e-01 -1.064275145530700684e+00
8.724702000617980957e-01 -1.339345932006835938e+00
-8.937053680419921875e-01 6.391839385032653809e-01
-2.029517143964767456e-01 8.005354404449462891e-01
1.359250426292419434e+00 7.572802901268005371e-01
-1.821345239877700806e-01 -3.984519243240356445e-01
-1.766058921813964844e+00 -3.260363936424255371e-01
7.395827770233154297e-02 2.641007184982299805e+00
-1.314182877540588379e+00 1.813199371099472046e-01
9.432780146598815918e-01 -2.462302684783935547e+00
1.944800257682800293e+00 7.203241586685180664e-01
-2.626306116580963135e-01 -1.667474865913391113e+00
-8.118841052055358887e-02 9.154949784278869629e-01
-1.130232691764831543e+00 9.911820888519287109e-01
1.339572906494140625e+00 2.106240034103393555e+00
-2.051628828048706055e+00 -2.138951569795608521e-01
-7.425993680953979492e-01 1.284938573837280273e+00
1.324225664138793945e+00 -3.966294229030609131e-02
2.871622443199157715e-01 9.292101860046386719e-01
-1.213805317878723145e+00 -4.399347007274627686e-01
-2.260672003030776978e-01 -4.890725016593933105e-01
