5.151849985122680664e-01 6.479219794273376465e-01
-1.803961873054504395e+00 -1.103809952735900879e+00
-1.681759834289550781e+00 3.100544810295104980e-01
5.433207750320434570e-01 -7.536557912826538086e-01
-4.782541692256927490e-01 -6.822156906127929688e-01
1.479854583740234375e-01 -6.854283213615417480e-01
1.249812006950378418e+00 -2.510184645652770996e-01
-1.401701807975769043e+00 -1.303704857826232910e+00
-2.334363758563995361e-01 -7.088264226913452148e-01
-6.871598958969116211e-01 5.183673501014709473e-01
5.994409322738647461e-01 -4.495042860507965088e-01
-1.129216030240058899e-01 7.279258966445922852e-01
-1.795380949974060059e+00 -5.844527482986450195e-01
-4.595529735088348389e-01 -4.829004704952239990e-01
-4.032705426216125488e-01 -1.180045485496520996e+00
5.132735967636108398e-01 1.328992694616317749e-01
1.238411307334899902e+00 -3.626921176910400391e-01
-1.771701693534851074e+00 3.634969294071197510e-01
1.067071676254272461e+00 5.050951242446899414e-01
-2.150627613067626953e+00 1.130608201026916504e+00
9.755125641822814941e-01 1.443809866905212402e+00
-4.387371838092803955e-01 8.007196784019470215e-01
7.155273556709289551e-01 3.848491907119750977e-01
2.553716301918029785e-01 2.346596956253051758e+00
-1.277717471122741699e+00 -3.031153380870819092e-01
-9.596316218376159668e-01 -2.396290302276611328e-01
-2.198063373565673828e+00 1.272973865270614624e-01
-8.820977807044982910e-01 -1.014577984809875488e+00
3.240237534046173096e-01 -7.532481551170349121e-01
1.055601000785827637e+00 9.187049269676208496e-01
-2.559839963912963867e+00 7.442759871482849121e-01
8.274932950735092163e-02 -2.959528565406799316e-01
-2.660034969449043274e-02 -1.063828617334365845e-01
6.868159770965576172e-01 -1.142565965652465820e+00
1.629634737968444824e+00 1.250590324401855469e+00
2.197659760713577271e-01 -1.583370327949523926e+00
3.237566351890563965e-01 -4.313896596431732178e-01
5.254052281379699707e-01 1.145216450095176697e-01
2.365027517080307007e-01 -8.255428671836853027e-01
-2.933320701122283936e-01 5.333583950996398926e-01
-1.587994843721389771e-01 -9.112901091575622559e-01
-1.046218946576118469e-01 1.653231263160705566e+00
-2.036827057600021362e-01 -1.405679464340209961e+00
-3.529242277145385742e-01 7.270434498786926270e-01
-1.886250823736190796e-01 6.797956228256225586e-01
-9.338237643241882324e-01 1.416687965393066406e+00
9.270553588867187500e-01 3.311944305896759033e-01
5.511077642440795898e-01 1.525225877761840820e+00
4.034210368990898132e-02 -2.985206842422485352e+00
-1.263058066368103027e+00 -2.672315537929534912e-01
1.780742287635803223e+00 -1.358347177505493164e+00
1.029311180114746094e+00 -1.724980324506759644e-01
1.327130913734436035e+00 -2.384277433156967163e-02
8.074057102203369141e-01 -2.572554111480712891e+00
-1.180653572082519531e+00 -8.763487339019775391e-01
4.755173921585083008e-01 1.028140634298324585e-01
-2.172926902770996094e+00 -2.158125340938568115e-01
9.248605370521545410e-01 4.361959174275398254e-02
4.040028750896453857e-01 2.250119596719741821e-01
-8.892208933830261230e-01 -8.117373287677764893e-02
-2.326498031616210938e-01 -4.615808725357055664e-01
-7.170575261116027832e-01 9.583843350410461426e-01
9.446918964385986328e-01 4.295585677027702332e-02
1.986744254827499390e-01 -4.549861252307891846e-01
6.410394310951232910e-01 1.627996921539306641e+00
-1.171086311340332031e+00 1.865646004676818848e+00
-5.898799300193786621e-01 1.636514961719512939e-01
2.511026561260223389e-01 -1.165421158075332642e-01
1.844294667243957520e-01 -1.273019671440124512e+00
7.954768538475036621e-01 3.484221100807189941e-01
-4.332746863365173340e-01 -8.257782459259033203e-01
4.981741011142730713e-01 7.690551280975341797e-01
3.366184532642364502e-01 8.513308763504028320e-01
6.408067941665649414e-01 7.907745242118835449e-02
1.213044166564941406e+00 1.573688387870788574e-01
-1.628679990768432617e+00 -1.163576692342758179e-01
3.422090709209442139e-01 7.002553939819335938e-01
-6.367252469062805176e-01 2.082606077194213867e+00
1.138834655284881592e-01 5.008631944656372070e-01
2.284427881240844727e-01 3.622398376464843750e-01
-1.723560243844985962e-01 -1.608928084373474121e+00
1.090019196271896362e-02 4.183909595012664795e-01
-9.143394231796264648e-02 -1.523836016654968262e+00
2.134758085012435913e-01 7.754501104354858398e-01
1.278747022151947021e-01 -6.318235397338867188e-01
1.068186879158020020e+00 -1.768458724021911621e+00
-8.509017229080200195e-01 1.132745862007141113e+00
-9.543962031602859497e-02 -1.771662831306457520e-01
1.722388982772827148e+00 8.677952289581298828e-01
1.758366465568542480e+00 -1.758531033992767334e-01
5.594626069068908691e-01 2.564132213592529297e-01
-3.983376622200012207e-01 -1.597488045692443848e+00
1.113284468650817871e+00 2.427009820938110352e+00
2.845703840255737305e+00 4.910272061824798584e-01
-2.509444653987884521e-01 -1.371505483984947205e-02
4.186094701290130615e-01 -2.456505298614501953e-01
-3.841527104377746582e-01 -7.410280108451843262e-01
3.452396690845489502e-01 -7.081680297851562500e-01
-1.198436617851257324e+00 -2.971288561820983887e-01
1.522471308708190918e-01 1.679806560277938843e-01
5.827726125717163086e-01 7.378913760185241699e-01
7.754869759082794189e-02 -1.027277827262878418e+00
1.482530355453491211e+00 2.245330717414617538e-03
-2.155508041381835938e+00 -1.601856827735900879e+00
2.656588256359100342e-01 1.306694388389587402e+00
-8.507543206214904785e-01 -1.353028416633605957e+00
-4.427848160266876221e-01 8.661981821060180664e-01
-1.416345000267028809e+00 5.587783455848693848e-01
-8.279209733009338379e-01 1.089223265647888184e+00
-1.378917098045349121e+00 2.204822540283203125e+00
4.076977968215942383e-01 2.054895460605621338e-01
1.207071304321289062e+00 -1.730406403541564941e+00
-1.970054268836975098e+00 -6.935329437255859375e-01
-2.729645930230617523e-03 6.885263323783874512e-01
-8.609260916709899902e-01 -5.234047174453735352e-01
-1.726737916469573975e-01 -2.067784667015075684e-01
1.229097485542297363e+00 -9.846381545066833496e-01
-9.212586283683776855e-01 -1.370484113693237305e+00
2.164705991744995117e+00 1.262432336807250977e+00
-1.014743566513061523e+00 -3.966982364654541016e-01
-6.677650660276412964e-02 -6.367127895355224609e-01
1.062817573547363281e+00 -1.380299210548400879e+00
-2.607599973678588867e+00 6.625109910964965820e-01
-1.222583889961242676e+00 -1.990662097930908203e+00
3.107426166534423828e-01 1.242388248443603516e+00
-9.934749007225036621e-01 1.214964866638183594e+00
8.661409020423889160e-01 7.248034477233886719e-01
3.679807782173156738e-01 -9.406645298004150391e-01
7.795704007148742676e-01 -6.253307461738586426e-01
-1.963702440261840820e+00 -6.652184724807739258e-01
-2.901649773120880127e-01 -1.089184284210205078e+00
-7.180790901184082031e-01 1.214398816227912903e-01
-5.705278515815734863e-01 -7.137504816055297852e-01
-4.197444915771484375e-01 -1.968647390604019165e-01
-6.695263981819152832e-01 -1.715525984764099121e+00
2.649983167648315430e-01 -1.104343086481094360e-01
-9.581523537635803223e-01 8.608531206846237183e-02
-8.989922404289245605e-01 9.577477350831031799e-03
1.251923322677612305e+00 -9.235538244247436523e-01
1.505169630050659180e+00 -5.557134747505187988e-01
1.137476444244384766e+00 2.663540244102478027e-01
2.624459266662597656e-01 -1.165301948785781860e-01
2.567877471446990967e-01 3.104411661624908447e-01
1.041927099227905273e+00 -2.114154696464538574e-01
1.320317387580871582e+00 2.037694692611694336e+00
-1.255893349647521973e+00 -1.322780251502990723e+00
-1.018778443336486816e+00 7.883969545364379883e-01
6.738480180501937866e-02 1.214647144079208374e-01
6.561102867126464844e-01 7.877870202064514160e-01
2.515971958637237549e-01 2.633365392684936523e-01
8.294327259063720703e-01 -6.762216091156005859e-01
9.568994492292404175e-02 -9.093016386032104492e-01
3.552054762840270996e-01 2.553267478942871094e-01
-5.720456838607788086e-01 8.592370152473449707e-01
-2.963739037513732910e-01 -9.224970936775207520e-01
-2.473247349262237549e-01 -1.051895737648010254e+00
-5.990198850631713867e-01 2.339769601821899414e-01
-6.316429972648620605e-01 2.076087892055511475e-01
9.195906519889831543e-01 2.630688905715942383e+00
-1.631083607673645020e+00 8.203952908515930176e-01
1.333124637603759766e+00 4.171406626701354980e-01
-2.473418116569519043e-01 -9.825590252876281738e-01
2.525013685226440430e-01 -1.655222773551940918e-01
9.382783770561218262e-01 -1.206833362579345703e+00
9.225699901580810547e-01 -1.813774704933166504e+00
-1.865953445434570312e+00 9.232878684997558594e-01
5.548116564750671387e-01 -1.554937601089477539e+00
-4.999432265758514404e-01 -1.578674077987670898e+00
1.296726942062377930e+00 5.598394870758056641e-01
-1.183048844337463379e+00 -8.717514872550964355e-01
-3.337961062788963318e-02 8.044080436229705811e-02
3.756323158740997314e-01 4.594981670379638672e-01
5.115247964859008789e-01 8.871152997016906738e-01
1.336727857589721680e+00 -5.728527307510375977e-01
-9.900385737419128418e-01 -1.462102651596069336e+00
-2.654992938041687012e-01 7.343903779983520508e-01
2.010253429412841797e+00 9.724091291427612305e-01
2.157981097698211670e-01 3.655325174331665039e-01
1.855286657810211182e-01 -1.855689644813537598e+00
-4.876246750354766846e-01 -7.415719628334045410e-01
-4.135109782218933105e-01 2.037600874900817871e-01
-1.029391407966613770e+00 -9.049127697944641113e-01
1.248375415802001953e+00 2.426970958709716797e+00
-1.625324040651321411e-01 1.707322746515274048e-01
-8.059844970703125000e-01 1.619976460933685303e-01
-2.203298091888427734e+00 -1.920921683311462402e+00
8.993310928344726562e-01 2.296082019805908203e+00
-5.264820456504821777e-01 -1.533271819353103638e-01
1.506953358650207520e+00 -1.413657784461975098e+00
-1.334638297557830811e-01 5.226776003837585449e-02
-1.459709286689758301e+00 -4.098397493362426758e-01
-1.553814159706234932e-03 1.365448534488677979e-01
-7.672517299652099609e-01 4.664150997996330261e-02
-8.495044894516468048e-03 6.032818555831909180e-01
8.364441394805908203e-01 -1.604753851890563965e+00
-5.977326631546020508e-01 -5.306994318962097168e-01
-2.702725529670715332e-01 -1.097599029541015625e+00
-1.434450149536132812e+00 4.551902711391448975e-01
-1.473034620285034180e-01 3.066610097885131836e+00
-4.727107882499694824e-01 -8.668795228004455566e-01
1.909353256225585938e+00 -1.861178159713745117e+00
-8.604004383087158203e-01 -3.511365968734025955e-03
-1.509339213371276855e+00 -2.757876157760620117e+00
-6.651260256767272949e-01 -1.007856726646423340e-01
2.613483667373657227e-01 5.460006594657897949e-01
-1.035822272300720215e+00 -1.003966808319091797e+00
-2.644272744655609131e-01 -1.914816945791244507e-01
1.308160305023193359e+00 -3.253550082445144653e-02
-1.486045002937316895e+00 1.150596976280212402e+00
6.869990825653076172e-01 5.367597937583923340e-01
1.347293496131896973e+00 -6.902152299880981445e-01
4.603458344936370850e-01 -3.630894720554351807e-01
4.455375075340270996e-01 -3.006442785263061523e-01
1.580712318420410156e+00 9.472303837537765503e-02
1.170715969055891037e-02 -6.224611401557922363e-01
-6.459443271160125732e-02 -1.997395753860473633e+00
1.786640286445617676e+00 -1.209976315498352051e+00
-1.454417467117309570e+00 -6.784151494503021240e-02
-5.360599607229232788e-03 1.937208056449890137e+00
-1.924512743949890137e+00 1.775147557258605957e+00
-2.888495288789272308e-02 -9.671026468276977539e-01
-6.655496954917907715e-01 -4.305273592472076416e-01
1.251850128173828125e+00 1.095269322395324707e-01
-8.464889228343963623e-02 -1.057930707931518555e+00
1.290030717849731445e+00 2.941529452800750732e-01
-2.868563234806060791e-01 -1.564225792884826660e+00
3.819288909435272217e-01 7.837228477001190186e-04
5.002198815345764160e-01 1.262883991003036499e-01
5.656505823135375977e-01 1.623483896255493164e+00
-1.823998391628265381e-01 7.894622683525085449e-01
6.230152249336242676e-01 2.905552864074707031e+00
3.593450188636779785e-01 -1.113874554634094238e+00
3.371481895446777344e-01 -7.611539363861083984e-01
-3.354058563709259033e-01 8.745256662368774414e-01
-1.550900340080261230e+00 -5.466344952583312988e-01
8.646269440650939941e-01 -4.204156696796417236e-01
1.617751240730285645e+00 -8.179972171783447266e-01
8.168950676918029785e-01 -2.263013601303100586e+00
-5.090808495879173279e-03 -4.073029756546020508e-01
2.334566861391067505e-01 7.633929252624511719e-01
-2.165011644363403320e+00 5.637801885604858398e-01
-6.857136487960815430e-01 -3.139316141605377197e-01
2.567400038242340088e-01 1.103809833526611328e+00
3.344732522964477539e-01 -3.894469141960144043e-02
-5.114843845367431641e-01 7.048837840557098389e-02
-1.622478604316711426e+00 4.020483195781707764e-01
-7.828784584999084473e-01 -3.087943792343139648e-01
-3.882344067096710205e-01 -1.058042049407958984e+00
-2.743028700351715088e-01 -4.586046040058135986e-01
5.744881033897399902e-01 9.492390751838684082e-01
-6.345165371894836426e-01 6.736079454421997070e-01
-1.052621841430664062e+00 -5.843321681022644043e-01
-1.170680999755859375e+00 5.143793225288391113e-01
-3.683935403823852539e-01 -2.438999414443969727e-01
8.656247854232788086e-01 -8.700377941131591797e-01
-2.297063022851943970e-01 -1.207778930664062500e+00
-2.820482254028320312e-01 6.533195376396179199e-01
-3.236735343933105469e+00 7.615158557891845703e-01
9.475751221179962158e-02 -9.755134582519531250e-01
1.909817308187484741e-01 1.314760297536849976e-01
-1.172273159027099609e+00 -1.473728060722351074e+00
-1.052029371261596680e+00 -1.663395881652832031e+00
1.388133168220520020e+00 -4.417181611061096191e-01
-2.180712223052978516e-01 7.133281826972961426e-01
1.412477374076843262e+00 -7.235913276672363281e-01
1.398601531982421875e+00 8.440154790878295898e-01
-2.648803591728210449e-01 -6.926426291465759277e-02
-3.939738124608993530e-02 -5.324894785881042480e-01
4.208346009254455566e-01 -2.485518753528594971e-01
-7.373210508376359940e-03 9.263466596603393555e-01
1.387509822845458984e+00 -1.395061016082763672e+00
-2.188053131103515625e-01 1.225805997848510742e+00
1.819985061883926392e-01 -7.091746330261230469e-01
-1.169066429138183594e+00 -1.945006608963012695e+00
2.195241212844848633e+00 -1.177113175392150879e+00
-2.093966007232666016e+00 2.807254716753959656e-02
1.584778666496276855e+00 9.670114517211914062e-01
-6.159283518791198730e-01 5.933842062950134277e-02
1.528488099575042725e-01 6.696333289146423340e-01
-3.883806765079498291e-01 -1.592088580131530762e+00
5.081970691680908203e-01 2.142002105712890625e+00
-7.312279343605041504e-01 5.236357450485229492e-01
-3.238681256771087646e-01 2.610786557197570801e-01
-1.161741763353347778e-01 -4.669935703277587891e-01
-4.452791810035705566e-01 3.699122071266174316e-01
7.635900378227233887e-01 -9.464974999427795410e-01
-3.331182003021240234e-01 7.128223180770874023e-01
2.067849874496459961e+00 -1.997443675994873047e+00
-5.618032217025756836e-01 -1.555099487304687500e+00
7.127311229705810547e-01 -1.320083498954772949e+00
-1.389520406723022461e+00 1.226091384887695312e+00
-8.906295299530029297e-01 -4.651926755905151367e-01
2.725302875041961670e-01 -6.697564721107482910e-01
7.844281196594238281e-01 3.388823866844177246e-01
1.121000885963439941e+00 -1.174717664718627930e+00
-4.442943632602691650e-01 -1.386622190475463867e+00
1.715726107358932495e-01 -4.701142311096191406e-01
-5.731560289859771729e-02 -6.887398362159729004e-01
3.839729130268096924e-01 -3.299520015716552734e-01
-9.163100272417068481e-02 7.965522259473800659e-02
8.604001402854919434e-01 -4.711362421512603760e-01
-2.257480859756469727e+00 -3.516150414943695068e-01
-8.927098512649536133e-01 -8.979427218437194824e-01
5.792204663157463074e-02 4.082982540130615234e-01
7.504444122314453125e-01 1.222326636314392090e+00
1.903292655944824219e+00 2.264002114534378052e-01
-9.873836040496826172e-01 -9.770833849906921387e-01
1.042412519454956055e+00 -2.650249898433685303e-01
-3.962146639823913574e-01 -7.009481191635131836e-01
-5.220972299575805664e-01 -1.190978050231933594e+00
-1.470298290252685547e+00 4.617465138435363770e-01
4.144650101661682129e-01 1.214617967605590820e+00
6.138231158256530762e-01 -8.441323637962341309e-01
2.469181865453720093e-01 -1.071186512708663940e-01
2.239125594496726990e-02 1.571818232536315918e+00
-1.073510289192199707e+00 1.252060174942016602e+00
1.569181442260742188e+00 -4.858504235744476318e-01
-3.775800168514251709e-01 1.178379774093627930e+00
-3.647578358650207520e-01 2.601870894432067871e-01
-1.920692205429077148e+00 -2.606621086597442627e-01
8.371670246124267578e-01 -7.240943908691406250e-01
6.019969582557678223e-01 -4.471937119960784912e-01
-1.698956251144409180e+00 1.160643458366394043e+00
7.397390604019165039e-01 -1.752865433692932129e+00
-7.810959219932556152e-01 1.597813725471496582e+00
-1.714173436164855957e+00 2.172632455825805664e+00
-8.316821604967117310e-02 -3.886522725224494934e-02
8.066842705011367798e-02 -1.092604041099548340e+00
1.631480455398559570e+00 -1.403482437133789062e+00
7.677412033081054688e-01 -1.776882767677307129e+00
-4.191100299358367920e-01 9.274464845657348633e-02
-5.903342962265014648e-01 -1.032377362251281738e+00
1.503772139549255371e+00 -1.186250090599060059e+00
2.908812761306762695e-01 -3.340225517749786377e-01
1.949402451515197754e+00 2.042401731014251709e-01
4.541331231594085693e-01 -1.154968857765197754e+00
-3.832910582423210144e-02 -1.504818350076675415e-01
5.115985870361328125e-02 -9.972113370895385742e-01
1.169140577316284180e+00 -6.797823309898376465e-01
3.052068650722503662e-01 4.934591650962829590e-01
-3.962995707988739014e-01 -2.884075641632080078e-01
4.298344850540161133e-01 -1.426889598369598389e-01
-1.031195878982543945e+00 -1.056062459945678711e+00
-3.159564137458801270e-01 1.403294205665588379e-01
3.417035043239593506e-01 -1.335086375474929810e-01
1.087783455848693848e+00 3.718227148056030273e-01
6.800032258033752441e-01 -6.072076559066772461e-01
-1.439399480819702148e+00 -3.393409252166748047e-01
-1.484931111335754395e+00 2.230104804039001465e-02
5.778504610061645508e-01 -1.694038391113281250e+00
8.354358077049255371e-01 -3.837725818157196045e-01
-7.297374010086059570e-01 1.077463775873184204e-01
1.258761286735534668e-01 1.381621718406677246e+00
-2.572924137115478516e+00 3.278435468673706055e-01
-7.171173095703125000e-01 -7.747567892074584961e-01
-8.219568729400634766e-01 -1.077402383089065552e-02
2.256017684936523438e+00 3.852680921554565430e-01
-1.056624412536621094e+00 -7.623888254165649414e-01
1.800462603569030762e+00 -8.632424473762512207e-01
1.326728224754333496e+00 4.104617536067962646e-01
1.749891489744186401e-01 -1.043506026268005371e+00
-1.096747279167175293e+00 -2.646452188491821289e-01
9.490031003952026367e-01 1.432228207588195801e+00
7.360846996307373047e-01 -9.935978055000305176e-01
-1.191416382789611816e+00 -3.113884329795837402e-01
-3.497891426086425781e-01 -2.922311723232269287e-01
-1.528571605682373047e+00 5.279893875122070312e-01
1.321171522140502930e-01 1.489584565162658691e+00
-9.631341695785522461e-01 1.680234670639038086e-01
-7.127704024314880371e-01 -1.543638706207275391e+00
-8.599995374679565430e-01 5.796218514442443848e-01
-1.996740847826004028e-01 1.047850102186203003e-01
9.959703683853149414e-02 5.569122731685638428e-02
-9.532049298286437988e-01 -7.727276533842086792e-02
-1.658024787902832031e-01 8.010854572057723999e-02
-3.034186959266662598e-01 -1.163674712181091309e+00
1.998467445373535156e-01 1.763310432434082031e+00
-4.170588552951812744e-01 -1.069212913513183594e+00
8.136742115020751953e-01 -6.040250062942504883e-01
-1.330149531364440918e+00 2.647840790450572968e-02
-2.160821437835693359e+00 2.323444038629531860e-01
3.216506004333496094e+00 -1.775556683540344238e+00
-1.330494284629821777e+00 3.858577013015747070e-01
-1.051890730857849121e+00 -1.904949426651000977e+00
8.284972906112670898e-01 1.540918231010437012e+00
4.343575537204742432e-01 1.559082627296447754e+00
9.294971823692321777e-02 1.638826370239257812e+00
7.524897456169128418e-01 1.200018405914306641e+00
1.122750401496887207e+00 -8.968160748481750488e-01
-1.141805052757263184e+00 2.986896932125091553e-01
-2.587411999702453613e-01 -9.522380232810974121e-01
1.226878881454467773e+00 2.611090898513793945e+00
9.222437143325805664e-01 -1.633564352989196777e+00
6.612132787704467773e-01 -6.665519475936889648e-01
-1.486535429954528809e+00 2.627483308315277100e-01
1.180178284645080566e+00 -8.234877586364746094e-01
-3.577857315540313721e-01 -1.176325201988220215e+00
-1.643051743507385254e+00 -5.065654516220092773e-01
-1.932570338249206543e-01 -2.977830767631530762e-01
1.024219989776611328e+00 -1.075331211090087891e+00
1.422417759895324707e+00 -2.151586532592773438e+00
-3.030865192413330078e-01 4.445257186889648438e-01
-5.539596676826477051e-01 2.368490099906921387e-01
-2.185146093368530273e+00 1.222155332565307617e+00
-2.436773926019668579e-01 3.182981014251708984e-01
-6.128563880920410156e-01 -8.788009285926818848e-01
1.860474109649658203e+00 -3.667976260185241699e-01
-6.848390698432922363e-01 5.887274146080017090e-01
-2.092757940292358398e+00 6.613817065954208374e-02
-5.567689538002014160e-01 1.205467820167541504e+00
-9.012038111686706543e-01 8.342739939689636230e-01
-4.404486715793609619e-01 1.546598374843597412e-01
1.385524153709411621e+00 7.981447577476501465e-01
2.750375568866729736e-01 -8.644949793815612793e-01
-9.994825348258018494e-03 2.004247188568115234e+00
-2.709714174270629883e-01 -2.865839898586273193e-01
1.236842423677444458e-01 4.060534238815307617e-01
2.051684856414794922e-01 2.715289294719696045e-01
4.531528949737548828e-01 1.416796088218688965e+00
9.401643872261047363e-01 7.873544096946716309e-02
1.317842960357666016e+00 -9.334300160408020020e-01
-4.639671146869659424e-01 2.349453270435333252e-01
1.678977757692337036e-01 -7.026735544204711914e-01
3.270564377307891846e-01 -6.394188404083251953e-01
7.944225668907165527e-01 -1.270124595612287521e-02
-7.423065900802612305e-01 1.903396010398864746e+00
1.379825592041015625e+00 1.300174713134765625e+00
-1.389780789613723755e-01 8.538008332252502441e-01
2.117747783660888672e+00 -6.878517866134643555e-01
-2.549504041671752930e-01 1.249493837356567383e+00
7.036849856376647949e-01 -1.053459048271179199e+00
1.351377248764038086e+00 1.215942621231079102e+00
-9.532593488693237305e-01 6.774700880050659180e-01
2.235662192106246948e-01 -5.867483094334602356e-02
-2.175871610641479492e+00 9.091503620147705078e-01
-2.653737068176269531e+00 8.898811936378479004e-01
7.797327041625976562e-01 3.177765011787414551e-01
2.494680732488632202e-01 1.523469805717468262e+00
-5.485914945602416992e-01 -6.894938945770263672e-01
-1.030333042144775391e+00 -4.186684787273406982e-01
1.696884036064147949e+00 9.248983263969421387e-01
3.094881772994995117e-01 -1.180522441864013672e+00
6.977092474699020386e-02 2.293937206268310547e+00
-1.292860269546508789e+00 5.745590925216674805e-01
1.732004404067993164e+00 -4.196626245975494385e-01
1.154197454452514648e+00 -2.248916625976562500e-01
9.166677594184875488e-01 6.870992779731750488e-01
-6.329094767570495605e-01 -7.208147644996643066e-01
-7.009106278419494629e-01 -3.289273977279663086e+00
-7.032008171081542969e-01 9.188419580459594727e-01
-1.407312154769897461e+00 2.092732861638069153e-02
-6.925576925277709961e-01 9.022932052612304688e-01
1.194095849990844727e+00 -7.873383164405822754e-02
-7.855777740478515625e-01 -1.678945302963256836e+00
1.074118614196777344e+00 -2.196263074874877930e-01
2.440218925476074219e-01 8.362007737159729004e-01
1.237436905503273010e-01 -9.614795446395874023e-01
1.879546999931335449e+00 -5.805637836456298828e-01
-1.261734843254089355e+00 -5.496636033058166504e-01
-1.888123154640197754e+00 -8.515666425228118896e-02
6.258451938629150391e-01 -1.034432530403137207e+00
-1.046544075012207031e+00 4.750993549823760986e-01
2.829929292201995850e-01 -1.081313848495483398e+00
-2.450118064880371094e+00 -8.905051946640014648e-01
-8.100380897521972656e-01 9.277212619781494141e-01
4.788684546947479248e-01 -9.179899692535400391e-01
-4.888286590576171875e-01 -1.777837872505187988e-01
8.598368167877197266e-01 -5.396250486373901367e-01
-4.014568030834197998e-01 8.806375861167907715e-01
1.109049320220947266e+00 -1.808034300804138184e+00
-6.644250750541687012e-01 -5.006412267684936523e-01
-1.782060742378234863e+00 1.784422278404235840e+00
-3.837709426879882812e-01 6.069809198379516602e-01
-9.186794757843017578e-01 4.068647325038909912e-01
4.811470508575439453e-01 -1.212653890252113342e-01
7.569833397865295410e-01 -8.306607604026794434e-01
2.347915172576904297e-01 -2.233768105506896973e-01
1.366117477416992188e+00 1.023898243904113770e+00
-1.007244825363159180e+00 -2.416203260421752930e+00
1.458488941192626953e+00 2.162301689386367798e-01
-9.777725338935852051e-01 -4.164910912513732910e-01
-2.105441838502883911e-01 2.428990975022315979e-02
-1.170816421508789062e+00 2.597107887268066406e-01
1.149382829666137695e+00 -8.352020978927612305e-01
1.460883617401123047e+00 1.014403700828552246e+00
1.642334342002868652e+00 7.293619513511657715e-01
-5.789292454719543457e-01 2.320517003536224365e-01
-1.473672628402709961e+00 1.402074694633483887e+00
-3.180997133255004883e+00 1.097377777099609375e+00
2.980230748653411865e-01 2.142373099923133850e-02
1.029608607292175293e+00 -4.471967816352844238e-01
6.495408415794372559e-01 9.791499972343444824e-01
5.164756253361701965e-02 -7.837934792041778564e-02
8.958871662616729736e-02 -6.317335963249206543e-01
1.017880961298942566e-01 7.764707803726196289e-01
7.153624892234802246e-01 -1.406047344207763672e+00
8.370822668075561523e-01 7.504366040229797363e-01
1.460084557533264160e+00 -1.084497213363647461e+00
1.832982897758483887e+00 3.909597396850585938e-01
1.854478120803833008e+00 -3.748221099376678467e-01
