-2.035310268402099609e+00 5.041736364364624023e-01
1.203963756561279297e+00 1.993804812431335449e+00
-8.831323385238647461e-01 -1.902364969253540039e+00
-6.857092976570129395e-01 -3.404813408851623535e-01
-2.209085971117019653e-01 1.657588034868240356e-01
-4.386295676231384277e-01 -1.955316424369812012e+00
-1.239888548851013184e+00 8.658323287963867188e-01
1.967991590499877930e-01 -1.232834815979003906e+00
-1.126712679862976074e+00 1.124588966369628906e+00
2.225516587495803833e-01 5.238038301467895508e-01
-1.888581633567810059e+00 1.333952903747558594e+00
-1.032286643981933594e+00 9.642234444618225098e-01
-1.171068906784057617e+00 7.255477309226989746e-01
2.843587696552276611e-01 1.314920067787170410e+00
-1.589358225464820862e-02 1.049529075622558594e+00
-2.895716667175292969e+00 2.493290305137634277e-01
1.620533227920532227e+00 5.044248700141906738e-01
4.500222206115722656e-01 4.491128623485565186e-01
8.167022466659545898e-01 -2.678299844264984131e-01
-1.000303551554679871e-01 -1.263112664222717285e+00
-7.946771383285522461e-01 5.521857738494873047e-01
9.716928005218505859e-01 1.378801345825195312e+00
-1.427651345729827881e-01 8.428367376327514648e-01
2.852671146392822266e-01 5.484698414802551270e-01
3.861787915229797363e-01 -4.600424468517303467e-01
-9.513672590255737305e-01 1.027726054191589355e+00
1.819751411676406860e-01 -2.487563192844390869e-01
-9.501050412654876709e-02 7.835194468498229980e-01
3.087806701660156250e-01 -3.348892331123352051e-01
1.409423351287841797e-01 -8.899410367012023926e-01
9.594951868057250977e-01 -8.689060062170028687e-02
2.808056771755218506e-01 1.232334375381469727e-01
-1.447998762130737305e+00 1.372895717620849609e+00
-1.003455996513366699e+00 -1.159286499023437500e+00
-1.832612991333007812e+00 7.044616341590881348e-02
5.924810171127319336e-01 2.959688305854797363e-01
-4.447741806507110596e-01 -1.404722213745117188e+00
1.019349336624145508e+00 -8.568283319473266602e-01
-1.849379241466522217e-01 1.052704930305480957e+00
7.856659591197967529e-02 5.291940569877624512e-01
-2.983503639698028564e-01 1.114409089088439941e+00
-1.287535548210144043e+00 1.903878927230834961e+00
1.474930286407470703e+00 6.643414497375488281e-01
8.505259454250335693e-02 -7.010292410850524902e-01
1.258261799812316895e+00 1.082265853881835938e+00
-1.066154003143310547e+00 4.317829012870788574e-01
8.221643567085266113e-01 1.075435519218444824e+00
-2.230296373367309570e+00 -2.342334203422069550e-02
2.812855243682861328e-01 6.559129953384399414e-01
1.668495982885360718e-01 8.339192271232604980e-01
-4.875516295433044434e-01 -1.765433549880981445e-01
7.746057510375976562e-01 -5.073393583297729492e-01
-1.156960725784301758e+00 5.936733484268188477e-01
-9.826143383979797363e-01 -9.256885200738906860e-02
8.058353662490844727e-01 3.374991118907928467e-01
1.046240329742431641e-01 -1.528642773628234863e+00
-1.208278775215148926e+00 -9.796905517578125000e-01
3.977434635162353516e-01 1.714433729648590088e-01
-2.280202507972717285e-01 -4.690874516963958740e-01
-4.380524754524230957e-01 1.713734149932861328e+00
-6.490268707275390625e-01 -5.647832751274108887e-01
-9.340294003486633301e-01 2.007029950618743896e-02
7.089331150054931641e-01 -1.283125281333923340e+00
-7.238907814025878906e-01 -5.735107660293579102e-01
-3.099203109741210938e-01 -4.279014766216278076e-01
-7.166284918785095215e-01 6.032683253288269043e-01
-1.750174462795257568e-01 1.613846421241760254e-01
-1.211377382278442383e+00 -1.683750301599502563e-01
3.776749372482299805e-01 -6.171360984444618225e-02
2.906425893306732178e-01 -2.166938334703445435e-01
2.786321043968200684e-01 -6.536983847618103027e-01
-4.932676553726196289e-01 -1.640390515327453613e+00
-2.966427206993103027e-01 -9.856976270675659180e-01
-3.886756896972656250e-01 5.981172323226928711e-01
5.667881369590759277e-01 -5.108647942543029785e-01
-5.967122316360473633e-01 9.183114767074584961e-01
-7.729579210281372070e-01 -1.081930637359619141e+00
1.471829056739807129e+00 -9.237844347953796387e-01
3.237758576869964600e-01 -7.961975336074829102e-01
-5.870901942253112793e-01 -2.231738865375518799e-01
-6.816833019256591797e-01 7.108642458915710449e-01
4.426597952842712402e-01 -6.689541339874267578e-01
-1.110326290130615234e+00 1.994599699974060059e-01
-1.353892803192138672e+00 -1.000807359814643860e-01
1.894755363464355469e-01 -2.145693004131317139e-01
8.139049410820007324e-01 3.102084696292877197e-01
-9.959956258535385132e-02 -8.749226927757263184e-01
1.261117681860923767e-02 -8.302585482597351074e-01
-1.907878369092941284e-01 -7.621108889579772949e-01
8.996971249580383301e-01 -1.602172553539276123e-01
9.084050059318542480e-01 2.378323376178741455e-01
-5.378705263137817383e-01 -4.533828198909759521e-01
-1.614422649145126343e-01 1.736246347427368164e+00
-5.411279201507568359e-01 9.760842323303222656e-01
-1.225188255310058594e+00 -1.243726611137390137e+00
1.994057595729827881e-01 -7.815491557121276855e-01
8.172210454940795898e-01 4.651438817381858826e-02
-1.737343668937683105e+00 -2.245687961578369141e+00
-5.491698384284973145e-01 -1.210025191307067871e+00
1.591482281684875488e+00 1.365876346826553345e-01
-6.747214794158935547e-01 -2.760081291198730469e+00
8.093070387840270996e-01 6.118592023849487305e-01
1.695756435394287109e+00 -8.000470399856567383e-01
1.541030168533325195e+00 -4.876859784126281738e-01
9.028819799423217773e-01 4.574030339717864990e-01
-1.004498839378356934e+00 -3.441466391086578369e-01
4.708020687103271484e-01 2.423093080520629883e+00
1.093620657920837402e+00 5.279528498649597168e-01
-6.924970746040344238e-01 -4.011449217796325684e-01
6.526668071746826172e-01 1.318854689598083496e-01
9.847453832626342773e-01 -3.237751960754394531e+00
-1.277295827865600586e+00 -1.033969163894653320e+00
-1.849092245101928711e+00 -3.973606824874877930e-01
6.348648667335510254e-01 8.232868909835815430e-01
5.804697871208190918e-01 5.496084094047546387e-01
5.201812386512756348e-01 -1.157614946365356445e+00
-3.961896002292633057e-01 1.053665161132812500e+00
-1.017101883888244629e+00 -1.093733787536621094e+00
1.861630678176879883e+00 1.281461000442504883e+00
-1.476533412933349609e+00 5.628072619438171387e-01
-1.041686654090881348e+00 2.020456790924072266e-01
-5.779373049736022949e-01 7.154774665832519531e-01
-1.803007870912551880e-01 -4.928774237632751465e-01
8.237478733062744141e-01 -3.160405158996582031e-02
-3.157719373703002930e-01 -3.814115822315216064e-01
-6.405417323112487793e-01 -2.367191761732101440e-01
-8.423115015029907227e-01 2.295513898134231567e-01
-1.819703578948974609e-01 -1.335940122604370117e+00
-3.816159963607788086e-01 -1.482730150222778320e+00
4.227581620216369629e-01 2.369777560234069824e-01
3.334989547729492188e-01 1.570068955421447754e+00
-3.283808827400207520e-01 -1.797305703163146973e+00
1.979088336229324341e-01 5.934265851974487305e-01
-1.477269649505615234e+00 8.821411132812500000e-01
-4.570346474647521973e-01 -2.641675435006618500e-02
6.253859996795654297e-01 -4.797255992889404297e-01
5.410256981849670410e-01 -5.997829437255859375e-01
-1.384414911270141602e+00 4.273759424686431885e-01
1.580478906631469727e+00 -1.846878170967102051e+00
2.579898238182067871e-01 2.897204756736755371e-01
1.259055137634277344e+00 2.563913166522979736e-01
2.005585134029388428e-01 -9.663707613945007324e-01
-2.276875227689743042e-01 -2.166435420513153076e-01
2.172910273075103760e-01 -1.864227533340454102e+00
-1.035680413246154785e+00 -2.058711767196655273e+00
4.828045964241027832e-01 -5.256637930870056152e-01
6.298996806144714355e-01 -3.817446827888488770e-01
-3.707675635814666748e-02 2.107285976409912109e+00
8.747127056121826172e-01 1.887380182743072510e-01
7.676737308502197266e-01 6.722686290740966797e-01
1.991753876209259033e-01 7.707549929618835449e-01
-4.205449819564819336e-01 -5.594555735588073730e-01
1.863978207111358643e-01 3.426191508769989014e-01
-8.282715678215026855e-01 5.190987586975097656e-01
6.877055168151855469e-01 7.052072882652282715e-01
-7.646484375000000000e-01 -5.075349807739257812e-01
-3.511492311954498291e-01 4.249227941036224365e-01
3.423216044902801514e-01 -1.628193259239196777e+00
4.471228718757629395e-01 -1.091580539941787720e-01
6.827130913734436035e-01 2.659775257110595703e+00
5.997453927993774414e-01 -3.251134455204010010e-01
-1.012563228607177734e+00 -8.604982495307922363e-01
2.170142173767089844e+00 -1.855954527854919434e-01
1.269608139991760254e+00 -8.264596015214920044e-02
8.228197693824768066e-01 1.342297077178955078e+00
-1.900707781314849854e-01 -1.622792631387710571e-01
1.119888782501220703e+00 -1.012566804885864258e+00
4.182342588901519775e-01 3.684261441230773926e-01
1.020094990730285645e+00 -2.128656357526779175e-01
1.031787157058715820e+00 -1.300086140632629395e+00
-1.365075349807739258e+00 8.086128830909729004e-01
3.818661272525787354e-01 8.593648672103881836e-01
3.159298598766326904e-01 -7.095861434936523438e-02
1.196284532546997070e+00 1.678280591964721680e+00
5.407117605209350586e-01 -2.982231080532073975e-01
-2.246591001749038696e-01 1.062249422073364258e+00
6.979831457138061523e-01 1.125309586524963379e+00
8.595749735832214355e-01 -1.116021394729614258e+00
-8.533395528793334961e-01 5.605153441429138184e-01
2.529687881469726562e-01 6.916250586509704590e-01
2.612915635108947754e-01 -2.465988844633102417e-01
-5.708727240562438965e-01 -1.089900374412536621e+00
-3.736709654331207275e-01 8.503535985946655273e-01
-2.984592914581298828e-01 -6.823751330375671387e-01
2.335005998611450195e-01 5.580976605415344238e-01
-1.581803858280181885e-01 -4.345191717147827148e-01
-1.008564472198486328e+00 1.187502443790435791e-01
1.068785339593887329e-01 -3.217285573482513428e-01
1.047955274581909180e+00 1.431181788444519043e+00
-9.839869737625122070e-01 -7.389125972986221313e-02
-1.551556468009948730e+00 1.744381070137023926e+00
-1.223516821861267090e+00 1.958001405000686646e-01
1.119996309280395508e+00 -1.798504889011383057e-01
-3.600312173366546631e-01 1.260767340660095215e+00
-1.634496808052062988e+00 -9.512081146240234375e-01
1.315399408340454102e+00 5.868123173713684082e-01
-9.545490890741348267e-02 1.470513582229614258e+00
-1.270517230033874512e+00 3.461420536041259766e-02
5.974665284156799316e-01 7.912109494209289551e-01
-1.350585341453552246e+00 1.047656685113906860e-01
5.885124802589416504e-01 -5.673660635948181152e-01
7.225219011306762695e-01 -4.541578292846679688e-01
-8.373096585273742676e-01 -4.349783062934875488e-01
4.424393475055694580e-01 -5.692917704582214355e-01
3.679037392139434814e-01 1.898989796638488770e+00
-1.166755318641662598e+00 -4.730775356292724609e-01
-5.921527743339538574e-01 -3.145305514335632324e-01
1.337005257606506348e+00 -1.339799761772155762e+00
1.458904385566711426e+00 -3.883436620235443115e-01
2.809857204556465149e-02 -2.779551744461059570e-01
-6.580254435539245605e-02 2.436116456985473633e+00
1.678373098373413086e+00 5.210805535316467285e-01
3.290074467658996582e-01 1.635036468505859375e-01
-9.691291488707065582e-04 -4.400151669979095459e-01
-7.724983245134353638e-02 4.898100346326828003e-02
-6.740704774856567383e-01 -5.197347402572631836e-01
-3.904889822006225586e-01 -1.265843987464904785e+00
7.153086066246032715e-01 -8.024748563766479492e-01
1.117211431264877319e-01 4.395855665206909180e-01
1.152554392814636230e+00 -1.326849699020385742e+00
-7.265370339155197144e-02 6.043169498443603516e-01
-2.268440008163452148e+00 8.093655854463577271e-02
2.666305303573608398e-01 4.061812460422515869e-01
8.064028024673461914e-01 2.452158927917480469e+00
2.680298805236816406e+00 -3.960063308477401733e-02
-1.660032749176025391e+00 -3.002165555953979492e-01
-1.401003360748291016e+00 8.900520950555801392e-02
-1.053804010152816772e-01 7.348709702491760254e-01
1.416726708412170410e-01 -1.299282193183898926e+00
3.346556425094604492e-01 5.348541736602783203e-01
-2.301830530166625977e+00 1.646491289138793945e+00
3.203209340572357178e-01 2.996796667575836182e-01
1.276491641998291016e+00 -2.492294311523437500e-01
1.474268585443496704e-01 -8.077715635299682617e-01
2.090562820434570312e+00 -3.263244032859802246e-01
-1.420709013938903809e+00 -2.178056538105010986e-01
6.423489451408386230e-01 -5.802409648895263672e-01
7.993544340133666992e-01 -1.635784953832626343e-01
6.022324562072753906e-01 -3.579933047294616699e-01
-6.748394370079040527e-01 1.642750382423400879e+00
-1.482242345809936523e-01 -3.627261221408843994e-01
9.070750325918197632e-02 3.187264502048492432e-01
-1.624254941940307617e+00 -4.458870589733123779e-01
8.275696635246276855e-01 -9.104791283607482910e-01
7.706126570701599121e-01 -6.969043612480163574e-01
-1.315764665603637695e+00 -1.218019127845764160e+00
-9.088965654373168945e-01 -2.150113135576248169e-01
3.813792169094085693e-01 -2.175759553909301758e+00
-8.196768760681152344e-01 -1.663643121719360352e+00
-4.720179438591003418e-01 -8.530526608228683472e-02
2.737383544445037842e-01 -1.032009243965148926e+00
1.243446230888366699e+00 6.333788037300109863e-01
-1.291503071784973145e+00 1.909502267837524414e+00
-5.191047191619873047e-01 6.894125938415527344e-01
-2.330974102020263672e+00 -2.366318106651306152e-01
1.850778579711914062e+00 -8.574819564819335938e-01
2.139741629362106323e-01 1.080139398574829102e+00
1.154861807823181152e+00 -1.168658137321472168e+00
1.834492206573486328e+00 6.376768350601196289e-01
2.816435396671295166e-01 -1.298248410224914551e+00
-5.816747546195983887e-01 2.317578345537185669e-01
3.840251863002777100e-01 -1.145332813262939453e+00
-1.073080301284790039e+00 5.885892361402511597e-02
3.111737668514251709e-01 -2.533149480819702148e+00
1.098595499992370605e+00 -5.898960232734680176e-01
-1.683421015739440918e+00 1.261964321136474609e+00
1.312777280807495117e+00 7.423900365829467773e-01
3.929591774940490723e-01 -1.572486996650695801e+00
-3.614274859428405762e-01 1.224614500999450684e+00
5.138934850692749023e-01 -3.384146392345428467e-01
-9.797187447547912598e-01 -3.890396058559417725e-01
2.390207946300506592e-01 -2.665222287178039551e-01
-4.469062983989715576e-01 7.412744760513305664e-01
-1.966889977455139160e+00 -1.516303658485412598e+00
1.829137563705444336e+00 -5.888525247573852539e-01
-1.677897125482559204e-01 8.396959304809570312e-01
-8.272879123687744141e-01 4.305451810359954834e-01
-2.448479235172271729e-01 -1.208787798881530762e+00
-3.239179551601409912e-01 3.185971379280090332e-01
1.593014478683471680e+00 -5.809647440910339355e-01
-3.164362430572509766e+00 -9.454217553138732910e-01
-2.686848342418670654e-01 -4.258143156766891479e-02
-5.837393999099731445e-01 4.319873452186584473e-01
1.750966548919677734e+00 -1.809643357992172241e-01
-1.702685654163360596e-01 -4.290911257266998291e-01
-1.262223839759826660e+00 -7.757619023323059082e-01
1.256011128425598145e-01 3.383890390396118164e-01
-5.604869723320007324e-01 -8.159071207046508789e-01
5.912856459617614746e-01 -2.239649534225463867e+00
2.126063406467437744e-01 -6.933307647705078125e-01
-1.381449937820434570e+00 6.635214686393737793e-01
-3.340877965092658997e-02 6.305386424064636230e-01
6.060230135917663574e-01 1.777132391929626465e+00
-8.544980287551879883e-01 -1.894710302352905273e+00
6.329520940780639648e-01 -5.411179661750793457e-01
-7.312921881675720215e-01 1.170181989669799805e+00
2.122870236635208130e-01 -2.882902324199676514e-01
1.649201512336730957e-01 5.413568615913391113e-01
1.348321318626403809e+00 1.377961993217468262e+00
-5.718820691108703613e-01 1.000686407089233398e+00
7.861714363098144531e-01 3.598631918430328369e-02
-3.242321312427520752e-01 -1.043449163436889648e+00
-1.177645087242126465e+00 -1.141413748264312744e-01
-2.058075368404388428e-02 1.501803874969482422e+00
-6.467353701591491699e-01 6.407096385955810547e-01
4.197688400745391846e-01 -9.205605983734130859e-01
1.538038730621337891e+00 6.012811660766601562e-01
-7.266773581504821777e-01 -6.162669062614440918e-01
2.727457880973815918e-01 -1.175692319869995117e+00
1.702817916870117188e+00 -4.032271504402160645e-01
1.876007795333862305e+00 4.598673582077026367e-01
-2.567830681800842285e-01 3.349668681621551514e-01
-9.286162257194519043e-01 3.918742835521697998e-01
-1.657089352607727051e+00 2.093830823898315430e+00
-5.170289278030395508e-01 1.212189435958862305e+00
1.223383784294128418e+00 6.147021055221557617e-01
8.559677004814147949e-01 1.904180407524108887e+00
-2.254305481910705566e-01 2.427990883588790894e-01
4.573355615139007568e-01 -2.830682992935180664e-01
1.463458593934774399e-02 5.862609744071960449e-01
5.076113343238830566e-01 1.024927735328674316e+00
-1.162033200263977051e+00 5.047951340675354004e-01
2.447396283969283104e-03 -9.604622423648834229e-02
-4.936664700508117676e-01 3.469010889530181885e-01
-5.295394659042358398e-01 1.697978973388671875e+00
-4.151497483253479004e-01 -6.378884315490722656e-01
1.560182690620422363e+00 1.424908876419067383e+00
2.212301015853881836e+00 9.616672061383724213e-03
-4.949939846992492676e-01 2.204814255237579346e-01
-1.747479438781738281e-01 1.723929166793823242e+00
1.731319546699523926e+00 1.229922533035278320e+00
1.604142427444458008e+00 -5.979644507169723511e-02
-1.224142432212829590e+00 2.186410427093505859e-01
-1.100643038749694824e+00 7.531583309173583984e-01
1.603618621826171875e+00 -6.996794939041137695e-01
-6.185103580355644226e-02 -8.122141659259796143e-02
3.756964951753616333e-02 7.415256500244140625e-01
-2.937369048595428467e-01 1.216599702835083008e+00
4.785343110561370850e-01 -1.059057593345642090e+00
7.492727637290954590e-01 -5.771326422691345215e-01
3.681491017341613770e-01 6.004101634025573730e-01
1.537348330020904541e-01 -9.041700363159179688e-01
-8.256317973136901855e-01 -2.051424026489257812e+00
2.766175508499145508e+00 -4.753866493701934814e-01
6.593825221061706543e-01 -1.718491792678833008e+00
-2.053599059581756592e-01 -5.018234848976135254e-01
8.979140520095825195e-01 1.081856846809387207e+00
-1.734888404607772827e-01 -1.212770223617553711e+00
-2.010876089334487915e-01 1.849106252193450928e-01
1.897109389305114746e+00 -7.916380763053894043e-01
-2.049539089202880859e-01 5.464857220649719238e-01
9.148966670036315918e-01 -6.854356080293655396e-02
-1.656125068664550781e+00 1.943044662475585938e-01
9.426579475402832031e-01 -2.496465593576431274e-01
3.229686319828033447e-01 -7.252912968397140503e-02
1.006837368011474609e+00 4.120556116104125977e-01
-4.325723052024841309e-01 -1.010665059089660645e+00
-4.221308827400207520e-01 6.040560603141784668e-01
-1.963225126266479492e+00 -3.008459210395812988e-01
1.070615172386169434e+00 -1.222431421279907227e+00
5.160142779350280762e-01 -9.620735645294189453e-01
2.430974245071411133e+00 8.411686420440673828e-01
2.490238904953002930e+00 8.071055412292480469e-01
-1.620555281639099121e+00 1.680176258087158203e+00
1.036451339721679688e+00 -2.294679164886474609e+00
1.898770183324813843e-01 -2.479997396469116211e+00
1.443468183279037476e-01 5.998493432998657227e-01
2.428745478391647339e-02 4.160278439521789551e-01
-6.656670570373535156e-01 1.291540741920471191e+00
6.722820550203323364e-02 6.570383310317993164e-01
-3.468462526798248291e-01 -4.854370355606079102e-01
-1.716431975364685059e+00 -8.668652772903442383e-01
-6.756371259689331055e-01 -1.422823965549468994e-01
-4.447730779647827148e-01 -3.183802664279937744e-01
1.609546422958374023e+00 1.145297884941101074e+00
7.319614887237548828e-01 -2.793216705322265625e-01
-8.751114606857299805e-01 -1.563987284898757935e-01
-2.199927568435668945e-01 1.283241510391235352e+00
-6.514153480529785156e-01 3.142898380756378174e-01
2.126632690429687500e+00 4.138956665992736816e-01
-9.673400521278381348e-01 -1.106709718704223633e+00
-7.757668942213058472e-02 -4.949611425399780273e-01
1.183864951133728027e+00 -3.499150872230529785e-01
-4.905232787132263184e-01 2.699819803237915039e-01
-5.311954617500305176e-01 -5.623742006719112396e-03
1.043087542057037354e-01 -2.494262933731079102e+00
-1.047153115272521973e+00 4.062212407588958740e-01
-1.945918083190917969e+00 1.841201424598693848e+00
4.854013919830322266e-01 1.424241513013839722e-01
-4.647804796695709229e-02 -1.035772085189819336e+00
1.409924030303955078e-01 -9.005574584007263184e-01
-2.465731799602508545e-01 1.845253705978393555e+00
2.193468332290649414e+00 1.261436820030212402e+00
-5.519205927848815918e-01 -2.052632093429565430e+00
-1.074851751327514648e-01 -6.098418235778808594e-01
-2.287160009145736694e-01 9.704208374023437500e-01
1.680424213409423828e-01 -1.540657281875610352e-01
1.265241146087646484e+00 2.414007782936096191e-01
3.752516582608222961e-02 9.109271764755249023e-01
-3.189570009708404541e-01 2.693540334701538086e+00
-9.764408469200134277e-01 5.397368073463439941e-01
-1.538801789283752441e+00 -1.802866816520690918e+00
4.893590211868286133e-01 -4.671590030193328857e-02
2.485466718673706055e+00 -3.886215984821319580e-01
-2.997290372848510742e+00 -7.558934092521667480e-01
1.999606370925903320e+00 -7.967466711997985840e-01
1.120212674140930176e+00 3.619627952575683594e-01
-4.397858306765556335e-02 -1.117229104042053223e+00
4.640288650989532471e-01 -2.453223615884780884e-01
-7.240615487098693848e-01 -1.240103721618652344e+00
1.597361683845520020e+00 3.780009448528289795e-01
4.935869872570037842e-01 1.555276989936828613e+00
-6.753475964069366455e-02 -1.379782557487487793e-01
2.012247562408447266e+00 7.649083137512207031e-01
7.205991148948669434e-01 -9.757637977600097656e-01
-1.301757246255874634e-01 -4.914354383945465088e-01
-9.796231985092163086e-01 1.353918910026550293e-01
1.739278912544250488e+00 -1.673544645309448242e-01
1.056602597236633301e+00 -5.305737257003784180e-01
-1.250008463859558105e+00 -5.623314380645751953e-01
4.809828996658325195e-01 -1.255365967750549316e+00
1.198834419250488281e+00 -5.408511757850646973e-01
-1.217256903648376465e+00 -4.451843351125717163e-02
1.444782972335815430e+00 -3.402086794376373291e-01
5.384778976440429688e-01 -2.059486955404281616e-01
-1.419260203838348389e-01 8.369330167770385742e-01
1.655260324478149414e+00 1.305930972099304199e+00
-6.679647564888000488e-01 2.654054880142211914e+00
-2.973604917526245117e+00 -1.206036508083343506e-01
-4.829266965389251709e-01 7.887435555458068848e-01
8.217445015907287598e-01 4.158981740474700928e-01
-6.800361871719360352e-01 -3.727779388427734375e-01
-1.241748183965682983e-01 7.203120589256286621e-01
4.698511064052581787e-01 -3.274231255054473877e-01
8.719561621546745300e-03 -1.834152042865753174e-01
-1.157700419425964355e+00 -7.458059191703796387e-01
-5.938736200332641602e-01 1.227111518383026123e-01
1.058327078819274902e+00 -4.947142004966735840e-01
4.120749980211257935e-02 8.540547490119934082e-01
-5.676702857017517090e-01 1.860754132270812988e+00
2.705790698528289795e-01 7.625336050987243652e-01
6.094192266464233398e-01 3.498460292816162109e+00
-6.670181751251220703e-01 1.001286268234252930e+00
-2.457175731658935547e+00 -1.117890477180480957e+00
4.683752357959747314e-01 6.228373646736145020e-01
1.858288496732711792e-01 -2.580560445785522461e-01
-1.704568743705749512e+00 -5.715115070343017578e-01
-1.949714571237564087e-01 1.526523828506469727e+00
7.562322020530700684e-01 -8.290274739265441895e-01
-4.448792934417724609e-01 -5.176469683647155762e-01
-1.289124965667724609e+00 -3.576667308807373047e-01
-9.872952476143836975e-03 3.411497175693511963e-01
1.255914717912673950e-01 -9.535226821899414062e-01
4.200671613216400146e-01 2.222440958023071289e+00
8.541964888572692871e-01 2.316677421331405640e-01
5.332236886024475098e-01 7.158571481704711914e-01
-8.663637042045593262e-01 1.734053015708923340e+00
4.305634200572967529e-01 -1.545599818229675293e+00
7.768159508705139160e-01 -4.243743121623992920e-01
-3.545570671558380127e-01 6.094389557838439941e-01
7.745116353034973145e-01 -9.802996367216110229e-02
4.806117415428161621e-01 -6.577911972999572754e-01
1.083111047744750977e+00 6.673461198806762695e-01
-6.439668536186218262e-01 9.685736894607543945e-01
7.972494959831237793e-01 4.175114929676055908e-01
-9.643477797508239746e-01 6.933173537254333496e-01
8.721531629562377930e-01 -8.271811604499816895e-01
3.103190958499908447e-01 1.553884387016296387e+00
-1.422963887453079224e-01 2.253109961748123169e-02
-6.887427568435668945e-01 -3.393089771270751953e-01
8.914137482643127441e-01 -1.421881198883056641e+00
2.775950431823730469e+00 6.833141297101974487e-02
-4.733987450599670410e-01 -2.793636173009872437e-03
-7.411694526672363281e-01 -4.215519726276397705e-01
1.074102148413658142e-02 -1.755885481834411621e+00
4.499011933803558350e-01 2.067872285842895508e+00
1.202970862388610840e+00 -3.655307590961456299e-01
9.263254404067993164e-01 1.858630180358886719e+00
1.172102212905883789e+00 1.504336595535278320e+00
1.126142263412475586e+00 -1.743985652923583984e+00
8.828973770141601562e-01 4.120169207453727722e-02
4.440324604511260986e-01 -9.615211486816406250e-01
-1.383900642395019531e-01 -2.107810527086257935e-01
6.174922585487365723e-01 -1.059966921806335449e+00
7.038812041282653809e-01 -6.307168006896972656e-01
4.828313291072845459e-01 -7.062327265739440918e-01
2.287426590919494629e-01 -7.482852339744567871e-01
-3.927790224552154541e-01 1.747649908065795898e+00
4.225949347019195557e-01 3.300543129444122314e-01
-2.303035408258438110e-01 9.327648282051086426e-01
3.384566903114318848e-01 1.774086594581604004e+00
-2.513683736324310303e-01 1.842168346047401428e-02
1.298604905605316162e-02 -1.168772131204605103e-01
2.989775836467742920e-01 -4.598111808300018311e-01
1.872660666704177856e-01 1.806103140115737915e-01
-9.970589876174926758e-01 1.617724299430847168e-01
1.151033878326416016e+00 -2.221644818782806396e-01
4.540166854858398438e-01 1.407932490110397339e-01
2.065619677305221558e-01 1.373385041952133179e-01
8.691585063934326172e-02 2.017079144716262817e-01
