190528
4223245
22345
22347
6417584
25766
32441
146346
552150
14125
145771
32080
23249
194116
32332
256267
45015
182073
20982
23253
2269750
40227
30432
81590
25673
22833
868931
1351398
124098
84269
56171
684833
33378
31943
58977
20087
227941
406893
55251
910943
52478
220046
20994
460298
86960
234061
159543
20993
69884
20483
47199
34211
565522
22340
29383
22900
127524
445264
58887
135633
23835
42276
428769
151988
6449505
3055989
6503082
24238
376007
100903
6572931
1058434
676741
101206
29367
35304
18655
20480
22899
28005
36455
630297
264023
115087
357724
1486750
72076
185007
114844
86850
46092
29418
39478
220055
203985
190063
41312
41308
155217
90992
146283
74466
26858
34187
26620
23912
17811
22352
22082
384618
20995
93039
37415
127696
22087
25696
112589
51014
91145
34751
385922
22089
367779
126929
160348
23090
364033
54014
295922
345697
79435
272387
23611
23609
25708
310771
23432
30404
34258
34257
22054
28657
22043
23111
22338
22048
32782
22047
24161
22343
25758
22342
24193
28613
32464
29416
22913
22914
31735
28660
29354
22363
105810
21613
28009
27479
24445
31693
22357
22359
82888
25678
23908
312312
395449
182301
414109
115447
17808
50996
73015
34381
153207
31171
943988
36675
45004
45006
22035
36591
81451
162600
108324
50975
17819
135485
59104
31712
312392
19489
31112
27488
47426
391707
98485
27527
1476288
462147
76723
74839
29334
95614
116148
31710
122833
32440
21656
91704
1341682
28601
58754
69999
89209
141347
376027
39236
313168
31118
32438
69189
80400
79548
229996
323834
346663
155954
89042
311781
321810
121178
4523828
115986
39238
211835
167784
117380
810979
93661
6352483
39231
234165
62147
137938
66227
27499
112801
93268
45010
902633
21652
667983
95274
226483
87045
84427
111382
35303
105396
39230
98568
129165
877082
222535
39239
224951
348057
27490
31117
687528
89184
681051
516054
31115
87100
17329
115966
98502
54834
27494
95246
201853
62281
40212
2754275
2662253
89205
586364
161354
141643
31121
81472
22036
26868
385410
75995
19261
194830
68250
27484
90851
60215
194496
455656
39272
161487
387295
74007
23895
36666
23092
43925
24474
24473
74677
21869
23328
25285
93066
48661
54921
9406
24777
987915
20536
20478
23832
20484
21006
17820
29330
25686
716242
39451
87291
136761
493314
185649
233344
895111
132825
1571484
937866
79685
146205
76014
418258
1220992
58946
344529
93355
190345
691495
1076135
379205
45369
327096
437943
34304
333999
508490
260746
104069
405750
3784036
27092
753895
161731
51161
660326
22065
45170
440196
17756
92079
979546
23104
24615
7265945
35529
78004
859560
54207
587969
73153
25757
49541
236549
613105
23885
22771
1411533
111175
113551
4638886
64101
181469
160753
752815
888843
135106
342706
436340
9312
128157
23615
95028
23603
118534
1537128
37887
23886
23883
465506
64330
56835
23608
30381
23711
535708
92893
1423282
317399
68392
168022
113001
1117911
42242
177957
755906
22084
633776
22353
872845
17812
23905
23876
37620
32486
17809
23128
23893
23131
23125
23127
35325
23916
20972
20476
20475
24052
22877
24059
23136
36969
28662
23084
23085
34235
23102
24609
22061
17807
22769
24305
23314
29385
29391
31814
20482
21009
21002
25687
29398
29400
24456
34284
34720
34682
23855
23853
23854
23849
26634
22101
23105
22066
31238
22067
22070
22348
20983
22074
23698
23612
654775
796799
47178
303435
19264
72219
24188
59402
107909
181232
42390
181536
124711
244904
45241
190939
30428
6521698
60502
100638
98398
690681
94369
333260
42562
51129
35544
138308
29707
28631
90888
29930
247368
24235
1041437
74890
33586
325020
22876
23702
25683
29448
875738
24257
559125
1602224
296343
145361
460868
84204
22355
51016
635571
51063
211832
1437904
350712
29375
114562
159297
665253
680734
45109
743022
31668
126780
23089
29672
90954
509045
22648
91151
22901
23870
588424
1587325
121184
155197
23829
83920
509039
68917
57737
149852
647069
290991
97754
211972
63530
395199
65652
480443
82786
105374
156043
146456
69012
69043
101378
54102
474333
45391
74000
39182
95874
87187
81724
97551
26869
678399
89867
63695
259166
130809
91743
127656
169456
138760
266567
165367
47368
140640
168279
124272
968365
47374
73941
53879
127648
220706
81921
177829
64850
76043
69166
73075
271023
112863
189426
4482580
46504
68417
33859
1160609
288571
1052073
182589
24645
546432
639754
79357
56262
435737
4329654
42605
897029
436916
60203
127967
186265
363049
128948
124920
82998
82202
19279
22659
156751
152286
25713
152274
133944
216527
216998
66608
56371
23847
22424
95911
47124
1278204
297949
54201
143121
159430
31940
90944
24230
41402
81557
22480
1751115
181494
22650
40242
86932
31123
647295
516119
413491
40478
22044
95643
600846
57480
97979
312155
52550
33705
277033
45172
425444
89750
468517
76253
86951
48375
74550
27491
41497
195662
256815
1437179
444744
282148
593991
90194
2924806
588233
795499
29485
661402
134875
84576
164009
194948
89137
28227
87790
102975
514611
51010
635451
635458
39445
1599042
5094136
143339
62168
160821
122127
141138
70971
782730
713250
708003
159155
516151
238895
14475
95479
125391
141049
897892
263854
386102
391967
472893
5064960
160288
268243
134689
128278
46141
118369
6693026
125041
126728
124283
138624
119183
124431
6547809
4535602
127065
124306
115163
6503011
1031965
126674
100325
307461
126962
476543
995319
288955
314531
471591
485549
124319
546849
177166
121415
177186
233599
327601
694564
91230
362879
181679
168532
176852
714357
222103
151655
340862
721841
508304
163818
550887
198861
562729
185586
159842
498516
151825
139228
1061906
290136
179360
118582
145648
384462
112729
412064
31106
465315
839052
795583
322166
327964
888210
369151
1018921
620284
719419
646880
36538
370178
218835
193322
434137
295701
251827
338832
233445
327861
321843
373505
575792
407640
362186
368104
189932
345190
345207
345167
197634
79573
130202
345215
199103
213794
177159
223174
209977
665885
465094
46090
199742
251677
48729
112510
163766
28023
190538
79964
176936
227441
190479
86229
165102
128230
123124
56407
501986
22346
34241
35582
23878
34434
100169
723269
490244
190773
162823
27493
23898
34762
40251
22688
26862
28726
24472
89449
22058
50001
39208
24231
45181
23325
203995
181336
22339
44068
149940
110233
17810
55222
29376
23557
56381
155480
26581
35320
87057
23091
127369
127756
90910
126921
24070
28917
25420
334197
296153
466479
23868
168767
36466
24149
953593
29609
6399873
45163
20528
37701
32462
24163
387668
479692
24439
418624
74800
150230
500576
225003
26479
70473
23625
230625
580951
1068030
21615
533671
357141
153170
38318
987945
135389
95206
23884
36636
74953
45281
112978
97308
26859
23892
37673
216291
53638
368393
62300
130170
66389
225620
142654
142608
190481
301311
89625
50993
68062
131542
177295
85203
51020
23097
34747
31808
24766
20998
92969
153130
50971
39574
153696
150354
95480
153336
23411
24012
87293
84538
109081
28070
23928
51090
51094
60163
70944
51030
22063
53788
31893
92986
45294
74482
28945
122385
69927
23882
68953
40188
24765
23099
44248
52557
45326
22549
22554
24241
41708
25119
20513
22551
22553
20516
22658
24290
16604
16607
26490
28643
25700
24005
17822
1424249
79736
185788
31155
89395
233897
23133
1250942
22652
592681
400538
23134
23132
23900
91124
26492
47429
71206
23108
26828
29725
77738
53685
355843
134597
72234
54836
241038
28394
1215634
362380
141633
121617
384824
236318
56391
638916
43046
593237
138010
417556
100968
436644
99817
24769
50991
24776
66156
292437
464955
218019
742107
248193
29641
145244
758856
515470
89448
31119
31891
78008
36663
75943
84568
100181
51070
31161
160354
875379
99836
95066
95062
141396
315789
511956
518876
338114
582384
216485
506877
401507
931640
727433
60746
82651
141500
754299
344763
344919
516120
552667
263571
585542
42800
902861
32465
437773
304929
93603
229957
112528
455036
47466
36541
176917
46286
36658
498253
117895
42273
76166
35374
494812
32105
27096
414954
22046
20974
20975
21005
68148
48833
24647
77029
28302
20530
168907
32059
32373
32356
58890
979234
186015
112557
105701
246291
55081
362645
26841
104381
38264
145458
94815
424045
33623
100414
124655
34253
141020
113412
46151
51008
1003118
713722
499955
876027
300305
71036
209269
213601
99778
414939
914510
23094
253297
1507470
423719
25753
173401
494752
149712
130050
1334466
321873
38355
245232
56349
127885
159272
635082
86982
283029
118017
529525
483537
89275
1075920
100164
136611
273957
82682
271542
401158
305146
57990
44946
49800
1033403
145550
194048
60054
1239495
110121
143913
105696
192965
604982
57665
340744
84037
613095
151826
3412004
100400
146918
142391
271689
57434
65338
192629
87207
119157
60260
80010
143038
16660
108370
75056
95770
13946
13874
337866
166096
73284
56842
134813
148939
140913
936192
67641
981249
231443
106208
660254
1063376
56631
53793
20479
537607
56694
277272
131469
91905
389017
51374
91560
1288861
25763
146274
228927
207860
169306
582891
571397
713862
153131
137311
737534
1266087
20490
699505
111150
605358
571395
828753
909825
601146
41232
580354
34598
28741
36483
67521
485260
167673
246610
152229
805461
569042
368716
83870
52466
110343
124310
379779
53778
191311
54904
95797
93134
152702
45033
62013
42219
189748
31206
310747
1104149
1104130
1104211
841735
110174
1509931
141453
288263
174053
370146
308032
212341
106480
701912
40545
234476
222731
40544
55134
636897
39241
45016
388979
47856
669440
323129
46136
46156
1111928
1410877
350669
593862
386344
100528
67926
21616
136734
484567
1453395
22926
23107
1528070
932993
1003821
141432
145369
1082765
113325
1081646
1396778
587671
146859
797035
28003
470619
881567
344735
197966
54056
307070
97464
460576
527533
85368
522861
1119482
181169
37100
1372884
1432583
1350903
642797
163461
423927
85480
363640
1289815
877494
1037579
1002054
1385283
522875
770723
1137455
354194
102495
85477
351032
471842
477031
1284847
1242135
49782
6706877
565621
79672
234010
222493
5590720
54804
514708
849682
201539
213631
37610
37618
93005
39715
371088
32456
29610
143102
51101
32454
362279
78325
234481
891029
33347
95004
514684
66434
73123
127863
462120
877678
79409
429348
1293263
21019
194965
45067
31313
335598
20177
2538673
318029
50956
6580529
636398
89136
6853701
429669
6494211
118196
25691
56178
219132
317268
424325
118195
135014
386250
69241
31736
550963
258203
1036905
2704746
563322
164171
277137
862916
1119147
2339352
364307
1112951
6433981
32447
168563
940245
580715
858046
583357
666837
84724
459783
28842
540159
22654
524355
218726
350427
326998
73021
312351
145854
103101
54826
23610
877401
141911
426115
420139
1173335
631470
1026762
256603
3220851
138763
131436
135773
455241
429617
75070
345513
370766
92884
140707
198667
91983
72132
896097
140970
64840
148863
850649
134653
185970
5649940
97409
141392
87310
1071912
70108
134022
342634
453378
400658
381747
1222026
156522
494327
203918
357137
943612
194208
277547
68132
486920
540418
306958
1019652
24444
454258
1454278
38273
31847
43847
1067355
457126
228393
558413
105489
1561517
296549
100249
3431506
234614
822363
133006
51001
882024
797448
149500
2399142
575649
828700
1164927
596126
143421
1154325
48826
1125947
81589
327484
224764
488854
542261
257079
1948640
798762
105513
995910
3455554
515760
655322
1373355
76335
156051
155826
257229
1245278
111042
131724
664978
136609
182557
158596
304645
3009560
406752
71615
87581
25674
838171
148576
38359
60662
37380
74940
61273
642480
1306655
114711
656458
121814
926128
312300
39237
127899
113504
199262
1036976
357856
1234236
130528
263279
35360
1511046
1763347
2366073
158763
913044
425445
685077
159651
1252766
133897
204389
598137
1067204
69354
531555
57329
172851
30648
313632
30498
28615
181051
351684
1271349
3631933
91724
168919
661158
56508
87222
234245
51200
185380
22057
396063
465688
471629
159238
1138198
6534115
631925
889441
114751
45177
130297
582506
40245
505852
1097903
24291
601374
22041
51382
6207320
100409
424656
450596
792140
3227546
133909
5035835
690428
71282
71376
1437253
67387
4037754
127734
115783
130330
552170
185199
828864
741600
149469
71098
380028
124721
578382
444563
164099
164033
531791
944542
606374
95484
664986
1327271
124185
194429
755986
495651
211826
944357
1097206
148433
73023
324451
1966230
70997
327683
297629
413584
42269
163128
957401
619527
414288
171476
227588
761208
20985
211843
21114
538069
569471
251829
698326
197887
135441
167713
216404
71118
550766
251425
184899
108263
373545
216741
379210
177371
79900
246961
33510
128297
454609
86036
164355
229171
97092
32588
97103
1094127
424082
142864
193959
32474
170633
118454
184906
558016
136886
189512
73300
130685
405984
207658
222008
60220
31753
541694
130371
406019
184678
198467
1976459
212744
643096
79886
70155
1437130
321930
476793
498043
190868
152844
1298958
39700
843626
414442
349353
137226
300197
60239
324259
1533238
245895
137903
42244
367689
236846
498369
153464
177366
152856
321816
438122
88973
423617
77666
459641
127306
647431
465289
60230
213382
211632
412978
198255
117537
1191089
283921
125174
125206
418468
463883
224151
60262
197958
193283
4739912
1070490
212883
1359146
494069
494078
633854
349573
2454845
1182156
1292865
1165419
1145965
1021456
173520
333979
375152
60270
349706
374630
375536
136644
707439
131511
296385
326039
6413986
1090253
217694
41842
229331
328676
321827
213506
113717
177211
199128
295078
387013
1143474
190531
282347
141095
211679
350896
340724
151479
136348
503224
156260
1227926
190247
169746
167873
338411
437429
97411
149691
944251
270113
67636
152387
504756
1050627
270223
194471
333851
37695
185271
121838
190178
130119
185884
362405
327613
264383
17806
38287
380913
181212
217412
36465
540875
50088
379570
363178
29407
48744
327710
173127
348779
70322
56832
1028478
1012629
1496636
48595
1053589
1045879
1153272
5739397
629783
93634
184857
27612
370817
24284
152893
30872
25684
100173
100162
100151
90919
201349
87982
344204
111095
189567
401941
95988
216456
1164574
90920
90913
90904
31816
58812
40547
297665
67858
22878
23316
23848
181476
48639
97216
109053
90985
38280
62135
326090
108035
362564
1174701
563513
577862
47185
24657
39510
23830
49551
604897
23245
816625
21626
23674
23678
23642
23645
23649
23655
23681
23663
23672
307916
722825
118009
852306
114706
58655
343212
784684
112580
716042
54044
604926
31922
31919
31913
36470
113445
754496
198253
40246
177184
547917
763213
527081
148598
23487
108295
60182
362954
168647
61988
465065
402941
68201
1068833
2020942
20978
357840
357951
82806
36526
198050
329198
574621
134348
20495
146148
30413
365722
131047
222823
200425
1056144
168182
1400180
343595
343775
992671
1071751
25773
213101
345195
110444
212795
129376
428503
33340
259223
289221
95857
77936
22796
61065
74531
1335800
147517
429167
713577
194710
545218
6978442
504369
648009
528798
69024
212311
180827
1366989
707579
233644
536755
115094
321912
145531
189132
1298478
2712142
681689
6312522
1005914
630248
222104
48537
88999
769895
48646
181201
746501
257253
34193
408907
823161
283571
36486
465676
892580
909880
799929
181224
57430
77719
222562
138086
87653
400848
973343
121655
1325108
405778
140724
665366
143489
574722
4398577
1052126
526934
52683
1121064
4589623
450823
92234
42238
23874
179257
78150
47644
36530
79703
1460919
357803
18023
592648
642951
532349
1062741
258316
974192
81754
71477
127916
282973
84293
23901
23135
173760
95989
27476
57858
498447
494397
1212809
24895
87390
264095
264113
317724
1146404
1011177
459727
346437
385489
32521
805865
124625
541569
173478
46181
342644
65393
351071
1133692
29940
142573
424306
221965
323130
72986
429339
194260
58658
810175
95173
393927
173467
36503
465321
382452
440036
26861
114712
1103647
939209
502922
580732
911782
23619
109466
25695
661682
180886
352172
54144
465319
25744
297785
582828
256899
43190
1352781
488643
1062737
1589830
311328
958709
100444
198717
771585
302248
484521
117591
98006
78252
815843
1182622
1182942
271310
788841
618588
401548
338294
187204
1551335
112574
56441
149930
6400043
23236
23224
1966431
1024073
498809
1176037
229625
37653
150137
38529
23687
385554
875701
150005
23680
23675
119281
211874
89471
873402
234071
321903
7114970
45113
128384
720497
198189
69366
498431
979842
212536
159382
134154
91855
723448
100141
988203
438263
198511
1351334
157144
666188
1492308
467635
634665
329136
98302
1273863
796961
412927
904038
792547
634557
364165
907518
907526
903995
964882
496276
796954
823149
881855
907330
904017
394036
961784
907559
796937
995745
483849
904146
21021
903485
363971
148626
128164
951510
796950
881847
796958
899762
141370
796963
635292
685291
690624
45111
113261
317698
55018
277199
541534
152635
97669
327051
47120
1366421
894601
42403
16386
208709
1185428
100904
126939
173749
326026
25693
56661
3672827
7038883
5790294
991026
81386
42282
97914
731889
251328
45098
698518
22673
447430
224449
103352
31353
1501022
498250
540783
5996103
167814
130020
6124849
53861
198038
67972
143888
195646
48367
1465463
271472
156690
40369
169749
247772
734726
71492
125651
95044
714268
680445
677589
1420176
46098
190231
177739
130255
482535
112230
968593
272506
113739
65310
209147
1456109
1273039
240017
108851
489400
250597
678982
113716
136534
852299
31773
136592
125708
290122
194193
113266
35265
605151
311960
250209
21352
625721
56528
338127
418286
339186
417716
211669
218010
256094
150809
142660
162670
39312
843923
185135
211680
188846
60288
198977
283887
39235
153436
190522
134792
531823
317966
835711
29363
65180
178128
295179
153251
1099527
926507
5810144
6509517
322419
118000
311003
660200
119060
278807
23241
6570706
208726
805063
545680
1019171
423495
45107
861502
311672
500422
1033659
381194
115860
207762
437898
21623
860339
625587
401876
526908
686956
94352
933826
63607
423928
103961
770667
6406901
743649
180727
268357
259165
605798
333028
468447
468441
130452
53910
204409
80197
121275
69618
223200
142384
198041
271742
3375525
161327
164956
220040
131068
110155
321897
311035
127680
54796
282355
128491
140915
269584
119130
45101
68915
73912
189582
795972
119852
719849
483714
6470158
73439
465267
480447
168126
155363
451276
38269
56183
130271
580142
6397506
106239
815688
385270
1146600
470070
252516
213493
155610
58104
187090
118268
242990
100201
108522
349241
93445
208704
105587
130232
141123
199887
69355
131144
108466
1066629
31690
1579427
375981
522060
349084
682078
54821
199380
25922
173198
844645
121154
268691
193161
391928
364726
146798
104694
126783
212533
151816
63498
274859
240865
551302
1254140
225424
33715
66211
700470
580323
44267
194925
889311
101574
197684
114946
89186
618746
124548
333079
708733
1013916
996123
44035
384634
149180
660725
27422
161356
581858
40240
88990
89067
33824
324184
1247695
952130
108023
110229
1104845
1073923
552794
24007
322070
95016
25688
44977
782074
723017
575987
32375
340269
406154
95561
516184
153330
32461
66314
1001873
328138
149103
247999
149347
1949343
761379
264150
327999
54822
64923
495009
118259
32811
16713
884250
22474
363650
152441
54435
289654
90903
476948
29619
342678
480802
96106
201515
852393
476829
112925
112907
17102
89041
212428
500398
271980
271803
379619
29622
905131
82622
42658
78093
337705
174155
59109
6752187
342670
385617
216504
30386
1027081
152810
34179
141501
138137
87002
24019
71425
136794
6537522
112623
91934
582169
557834
665445
100802
185621
494520
137340
71250
66512
115249
406391
273092
503460
103339
472544
78271
118223
131006
223111
203841
2527213
1394694
32478
70542
768827
47211
145117
100012
146683
185610
601297
193698
406923
470394
762699
498033
715638
150614
601302
888363
376057
32471
1369490
48415
647127
53686
103606
141783
190694
247347
81762
97436
124156
286188
1507177
497445
6017622
49911
777423
107750
1138233
629117
64126
236640
345660
170015
340886
80014
100879
337842
210108
687874
56895
860333
1059934
242167
188735
723498
590778
581888
510634
508832
212212
152495
256040
4539738
160024
1249579
130425
835760
742837
892113
601986
1296218
1387042
91856
800386
288131
261223
87843
135539
337708
373788
126814
111028
251138
545041
362288
149334
81645
124007
122131
1044344
63589
245452
345302
1329442
621873
344037
300621
1235993
149721
140869
152798
141526
1285282
888891
154974
182352
107647
282482
149869
136848
959180
570087
392999
669914
98518
2410646
472357
182231
5921100
48808
1038350
423283
23859
33553
32450
6919766
366269
295002
110452
327749
39795
576043
1102672
608762
124456
311571
245066
110478
56603
714295
66253
529667
272908
185945
2910117
1515509
95767
181025
753869
306988
483546
149838
886348
305350
77797
609283
714534
25117
941401
1412440
1263727
198063
460249
96324
1037302
130654
20489
345505
891660
670866
1288436
417760
124348
28377
31711
488737
122159
183163
79588
30321
742778
251214
23093
6718215
799237
77734
1349657
42221
52467
41290
28674
111119
337804
448673
343639
115343
47169
143634
1372639
22425
159294
567793
828017
751124
1440694
3454179
4194616
1456561
822738
1468995
344360
91870
1468554
6547513
1061770
71879
1016600
227434
53636
2600670
350169
902615
1019931
377216
508659
545312
105556
39207
544693
406610
118498
850654
505643
182809
1091594
75996
343022
1129366
381129
223063
160062
264190
327823
317725
148537
262971
208617
525739
897427
312435
126793
217080
396685
1147022
100435
114699
961073
418288
84532
216229
69611
93030
343511
362999
423185
997151
57970
148503
148497
87052
451454
128437
386923
321974
59244
498282
787228
100412
81486
406674
110422
385517
45176
113320
388681
296449
244869
392551
324304
327706
273460
344279
95056
95053
328283
322181
375734
94939
178323
89904
21024
28636
6221427
81716
1153806
5123615
913194
28672
93049
181323
52464
76806
319544
324566
364000
208215
1467447
151748
193566
98070
124572
84689
25118
828590
101279
22038
189558
412877
544845
25116
45195
423778
1154360
76766
30376
782046
152500
576517
311793
212523
55173
782776
138915
4740523
73447
973808
904846
551462
896209
670911
1895179
790243
401406
150314
387048
978862
160732
218743
615503
213772
182136
998439
204681
354669
122061
2754662
204820
192942
87205
806932
515015
1289027
350184
87266
35376
1003322
21629
229402
85768
295850
1264938
84379
388938
49643
85605
85600
29326
402163
91086
586870
400898
904643
445238
301044
247276
100253
21627
100417
412968
69734
602144
1299617
385425
193730
517756
678625
369848
24248
24249
24246
1265032
26471
26475
402461
22464
150154
22651
200173
1152651
557970
557762
1069235
23230
6557425
121279
134739
363001
515749
127150
734237
131514
1172575
120347
120371
228097
137533
5030513
140514
142099
74619
100127
317778
282214
660735
822692
601277
282613
36633
1243618
364295
117761
1600944
350227
575682
327879
1053020
1331232
183369
1031139
337961
483934
626057
695598
332857
642387
449813
444651
283354
151673
3640744
58113
71022
138043
108235
436052
418523
606262
951254
155404
1527549
131530
131521
20973
384855
455786
23903
84352
59258
192854
195347
1169212
1202079
33974
76062
350513
71018
272027
194904
29003
559289
1109689
71311
141549
564625
318571
143389
204630
311374
48394
412593
107797
178948
49532
551465
17815
36505
1588305
541063
1086563
449656
181750
753858
63468
186217
793199
136971
328448
903139
152351
3963780
585928
1415255
1415543
535790
97619
579183
431114
592988
1113469
1526942
1020355
310904
6604150
571285
323294
1522274
92896
100857
3583354
438539
1011407
720310
1053829
225171
677704
598275
1151714
988566
846403
448144
22285
168458
164509
346372
195268
71767
283500
1161082
64839
84517
251270
64877
121719
84629
5434841
508617
566420
1796691
494091
532686
100385
58654
311287
487559
315580
471369
273872
174471
74667
1078445
64843
48773
111072
173001
148579
952980
170227
209307
66390
302960
63543
82050
74685
906668
420367
715013
172782
113253
216815
74536
119573
186734
135472
170782
114760
704326
135264
2473632
654818
1124874
735133
1319566
167655
527368
344126
148713
4084479
268523
310857
734093
42732
197784
2361192
250718
44991
614254
1104713
424435
75975
4639750
4595658
87461
304894
283141
282938
1363450
208921
1125140
375720
199193
108432
370728
5831301
114936
716614
690426
601109
6360619
681095
227718
5160569
368138
134093
314633
563348
217329
133680
119913
128457
118007
477601
193107
1129391
23338
140621
135341
437372
6703781
644232
110250
676301
537477
715065
64931
251491
1520625
385519
69682
176899
182378
425134
910254
896849
498271
1021679
256722
711546
79908
108596
606061
323570
295110
136484
1094866
726539
264074
216968
214268
268396
699348
94958
75956
575816
117546
56670
53769
71248
74802
382082
114772
104097
471052
227691
90950
938404
76937
503483
258922
446532
425108
84251
335133
421270
82878
721667
498664
1342661
181194
81703
222798
312115
91005
167737
523250
213531
42262
181680
115006
105339
182599
473983
872978
76326
494255
45082
190622
584430
3300250
159793
1547941
208379
503521
726525
1149703
269058
155981
155003
97621
296130
222890
67507
79902
268223
268159
140910
66218
46312
660535
84658
36208
53749
953787
60935
205478
95591
150231
172175
79939
783297
6155799
288310
3826467
423594
49521
268278
575801
6568813
6582169
6519305
39802
332428
155594
40176
74969
126755
45389
989138
500169
401836
52534
1103480
48567
209243
124065
741574
1345383
620835
93726
736259
332594
54016
2431281
1603355
190264
40232
423147
101164
6863308
825260
256782
164178
1138507
156228
392971
337967
142843
221755
199726
114641
191408
134313
115358
173854
182097
74722
151570
172865
158678
726533
155506
98008
459819
1248123
177856
987004
1294843
222147
230756
118434
418810
74464
84124
60626
606053
508650
1182578
454680
158638
2036674
684397
67577
477873
74640
208693
67997
877346
216472
6915647
128394
311080
56533
55370
66149
184822
65401
54801
47104
207881
81393
99989
663866
108572
39195
185438
51141
460886
212563
60153
71353
1057426
102923
526996
1243612
374353
108470
373100
110863
437086
118808
850624
521174
494238
46381
50291
337948
640160
640133
449678
130167
77772
22445
323175
406305
109294
121297
46462
236250
151848
344258
1221268
1475372
230315
117969
80523
498290
224502
136626
248056
64034
51304
1252939
1261799
394900
103582
644848
131131
45383
580294
684359
216750
207842
13802
418049
89108
29842
1265206
1217128
149899
45298
189483
77869
527515
306918
1352986
48568
830900
68039
363466
395109
328865
181856
620140
318147
13805
483928
95489
1112275
21618
141675
4966766
1275318
843373
6771266
6269648
6269508
1070861
558927
1128208
85440
81606
197938
1220141
81564
362666
56409
124402
211906
1300906
547519
699041
630422
562536
479354
746678
117708
1528890
130261
322391
1003638
776431
198327
44959
485649
238932
5325714
1104938
289550
193415
332554
130792
177104
209409
152753
782935
209725
209747
149522
895082
581422
539911
164652
845933
479577
118043
51100
1168849
69525
685475
126707
134710
378908
875110
1243532
1002075
1086728
130621
126959
288846
500833
296849
234108
245466
973825
911514
882019
81734
4158965
508631
301307
87405
138522
459813
240147
246053
6468818
420151
71122
117778
126982
213003
88290
531295
546935
121790
53946
451545
1234677
124362
6573514
429416
173325
362704
1239221
197932
6166556
615409
2906141
235107
181197
1239218
278947
148667
1033824
163579
265309
735084
156511
1206187
610664
208659
620194
798306
882206
135642
228595
234466
182309
13155
24141
1173020
367951
217184
524034
134660
455029
163395
317806
606779
91764
142171
430701
46193
137043
134789
192804
691005
127177
2861765
50034
1977844
91598
184918
47257
127726
127504
25441
394554
928250
938738
63692
63714
28092
1208702
2917482
328782
684402
643108
639492
92879
784815
328736
328757
613727
719886
454531
328764
648563
540917
602031
488529
546384
543239
574364
613739
204153
640164
582832
56517
89840
22037
22039
263764
233833
211570
168657
420081
661147
36509
228284
112475
35349
51078
235990
626368
186584
460693
384709
62167
71054
127122
158676
134685
451234
392823
204861
440662
150747
1440194
451175
135548
983701
347129
1258313
1220309
377087
332577
281888
455439
173300
159344
159261
269343
186724
816358
806206
367546
587773
489219
648958
257068
81500
4521947
774799
1366767
124683
141701
465147
217161
97976
124184
1005282
87955
129350
317982
155379
121908
67583
95463
141718
1090297
112270
234810
358918
114944
6760516
41115
250720
708257
881780
909310
412043
238661
33657
143894
531811
429653
283383
436272
901967
244807
403011
49737
1036848
690577
16774
108029
229849
997220
1539076
515850
828305
461516
105493
147419
788744
638267
2572291
649882
64046
185361
159158
136728
160277
379160
473378
542100
100766
630303
387691
978369
208667
334847
400951
288295
193597
367449
33355
2910786
307961
158842
62233
597376
56550
2974548
207569
493408
97235
23685
23626
75167
680533
272346
41475
100353
454500
602319
322040
768646
53616
100232
312286
588446
357943
57843
53675
111626
333090
98356
74546
118315
66482
125357
53853
66619
950592
93127
589083
240171
582207
943931
938234
2665007
2581449
478954
3453223
1364388
1317324
3744689
6407993
2766726
1248321
3599867
1565110
462270
110352
296157
185744
98998
312360
77625
148506
155341
408064
407917
135911
115023
5173195
1545961
544976
528576
175235
124314
66255
130491
63783
327161
323393
156305
485789
644261
396670
142195
159636
139987
1306803
797120
137793
577464
296926
155657
454615
105502
381400
55871
158929
167785
734100
80404
343680
209709
572469
1062526
587349
1424145
106504
1172597
1179410
81640
342960
170161
240819
1045334
591862
165445
110556
188053
503383
532993
183036
889395
466153
342842
317438
87351
736211
485173
349522
6424000
264054
110940
88965
6882036
90264
39521
387512
516792
251533
1264495
745099
1234045
144279
545329
5985263
159151
46393
550454
38335
493710
629084
539976
39201
28689
640937
804990
258221
708627
349527
974349
4961747
1401082
493922
828598
193263
60490
781635
968049
1011724
295966
28684
30687
32497
30654
606784
935934
849907
403841
744053
85416
3205879
3502878
3554545
888145
486706
3290320
2085594
6084259
141390
478083
429545
363419
116100
23326
313699
31475
163142
1674472
3081080
115981
392242
168436
437421
788727
618751
278222
294661
494706
510216
606616
47309
998546
91046
4459794
1070675
500053
363973
777565
114579
288425
640497
594081
622637
616571
907217
1202996
5133502
958969
965051
1070592
633785
4918391
898454
1276635
1275502
1279592
907859
1275505
1279594
1279596
1279604
1206147
1279608
931796
898579
1444933
907233
357997
392289
357939
899737
1275490
904001
1012013
307705
666141
32460
919944
792107
889845
907578
646224
306368
516209
527771
899726
951485
646272
964897
31675
39197
467527
150083
375508
910525
498854
1185087
174405
207755
400295
1133374
25423
439019
1089850
869865
823343
869510
869426
685116
742919
784606
1353150
653120
648405
870326
524052
48361
73137
932056
73359
1317538
484310
185921
815394
975655
384783
648648
1095305
1246492
1352639
112473
702817
93021
635354
414726
106684
22226
1442051
22875
2226882
563152
77712
469870
6827476
5376362
151927
461891
370715
64048
572871
825824
338478
269731
1327802
897610
6477086
853788
686964
747488
611676
384921
886815
1371291
1347655
168537
1692428
41231
63904
52492
357384
1341552
1352859
1322475
362322
635345
392221
2701472
87234
91802
3765855
480051
1004444
413261
683752
489261
84260
479985
148634
165681
509172
150123
152236
345280
713386
156900
4654677
256631
85228
995234
168928
1067297
4112303
1184264
931858
648545
493166
450100
547425
2749153
588814
604802
1536415
110576
788762
314694
156525
258148
105790
882477
810045
6437375
118044
523742
454450
380965
294926
406635
31809
781374
1949919
1984029
1964382
836286
2078994
34624
35338
636216
4888766
322918
639313
142459
1460965
984824
690177
465475
989431
1067502
184914
822243
282190
455564
723855
93743
131575
69233
88992
208576
134016
161388
737817
384772
142136
99959
631485
374724
48457
44417
374133
121693
136784
400824
392273
54847
327800
797038
333826
1215698
50479
97786
674791
323256
174383
238171
216428
639998
1104069
739072
563903
25263
537987
1132551
937822
618709
773129
476556
1840643
76306
92817
1746242
535867
1243840
114649
246537
95408
312836
224468
168314
7114969
13210
246351
91790
385614
781746
91811
400923
121786
541283
429440
294967
379817
385595
213330
480368
112609
454523
168739
24239
322239
71266
46405
48615
375501
159797
186287
343816
134183
31339
44989
51930
303573
22382
67399
97202
55045
321923
37864
85624
16596
362518
338829
78657
128458
25446
73400
152557
48591
7190363
1107198
130375
272008
304425
1258547
23220
58698
446731
1354416
152070
844112
181760
153768
621728
189799
327155
167528
40741
207548
515537
149157
670971
209762
246842
97684
61029
74591
581393
256393
639615
207773
217540
207867
207831
213471
272039
181351
49647
61149
461776
1285986
257454
168190
97277
173469
898030
143155
335613
112839
71635
119028
124601
1190370
1189395
206616
63700
137688
358555
48735
89305
259842
1557490
118146
53756
145896
136832
455610
852006
452917
482879
1146412
160691
134995
201595
91297
796487
230840
28670
1316092
192813
520390
7070724
218724
146608
1068737
163929
632022
127557
98257
113418
108321
91238
75029
1481676
1011299
167833
417195
6469198
362109
934039
1113039
2473518
126688
162731
611268
168085
152072
414999
522095
173586
124473
268536
271390
391958
324551
234088
246371
258869
267685
152193
56512
106472
131650
33442
120633
65442
65392
97698
84530
117995
124475
177029
64815
74645
73327
165021
56457
74648
152207
138509
66328
213641
193832
131492
190446
193899
1026804
173873
173614
233582
246028
263305
240155
233565
240349
240166
264552
217072
238246
250338
238227
238324
127437
167898
164235
164114
164098
135452
127388
67682
123228
66294
968402
256200
116389
123311
1146077
768319
67461
536986
263389
174266
145177
373536
177192
776017
960170
350640
119121
188796
66533
911335
580148
440062
54922
125216
357894
297536
424804
6873590
118802
217405
246134
6474176
6474194
499917
350909
797684
155995
209738
130469
1038798
436122
84484
1520142
580304
425527
107734
698301
1316290
165471
199859
118538
170474
753238
1329462
115668
613937
160458
154977
44958
219926
136988
339344
753363
1423057
975408
131614
403884
69177
47202
105741
28103
47116
1305586
2909981
277711
937206
69085
1185081
716393
145843
192924
721014
638992
1290311
452286
311208
52272
222000
134496
367496
869023
68661
118867
167875
938712
283252
213318
130073
741602
216829
89783
189364
91195
134951
61495
180707
642318
3177568
71128
78055
87410
494503
380115
59235
298387
82803
833324
173173
84197
551190
130325
182564
578098
730617
181339
145487
392591
116391
130356
997228
412086
1005807
130345
438823
6790843
456201
468464
6817664
466528
714156
164163
454559
283331
305145
64258
5788779
615803
386457
216543
278940
130489
118898
78374
625809
95010
1499981
1504685
234349
87634
413718
1540042
1977591
429710
6622824
208764
208785
178866
919457
631239
362228
108010
87404
6625589
58714
112201
777354
63445
63456
444950
406775
1367440
750860
131251
484455
168202
4907251
997875
470423
414732
699115
853267
645402
149445
130355
726203
343381
540966
152345
63709
815117
25415
516419
645836
217176
217182
385117
114908
186665
187209
85791
3961954
3962284
3962339
3227432
3962141
3962152
3962075
3962009
3161120
3278460
3226976
498574
3227736
3165092
2930302
406813
403062
196144
883193
175114
745597
161185
952543
692879
317624
1501127
492286
427135
112421
163188
363481
263738
108831
326402
152382
119643
142304
338023
149465
367663
1206809
127434
713560
776192
168074
145495
167595
168722
305034
150102
135075
637814
149454
198424
148390
3164522
571399
182547
337786
1204374
1321404
1204411
744117
1258959
944107
1295649
1258950
1245126
1242350
1258879
1245115
2345709
1213352
2345241
1208705
745272
1985929
1295513
2345462
2345592
1213305
2345319
1213286
1207846
1213250
1257212
1131581
3164886
374214
1134706
444564
2533466
216693
1991209
1261848
1261843
1258976
1261831
1261836
1261829
895566
558484
1301822
1261815
1261810
1204573
1204305
905912
1375976
2927524
516343
2749065
6442473
568190
558046
1322269
1286636
1254346
796352
1031513
4913322
2665279
1254358
1214170
3872478
1252324
509002
2664650
943896
2664888
2639794
828911
832216
932259
1521040
2665500
834862
3160742
822496
902574
2663919
1293203
184844
3162236
2665772
3161570
3058710
1242424
198712
1242414
807904
3058064
774738
3961855
3962053
3961899
3962262
3278446
1299722
182611
370166
130341
1117587
62072
680310
707089
148944
150200
500533
149781
528495
1204410
1261786
1261775
1204464
1204271
1245151
745384
745396
745376
1067716
883805
1257215
3282823
1488154
4904086
1380333
938137
1366701
1520537
1510387
1326490
1213390
180909
751846
143533
141800
276064
149453
444567
1259031
1204161
1204248
1272262
155234
164921
1242337
498162
1296040
1204199
1242324
1242315
1242328
1242307
1321551
1204395
124730
380014
208608
670348
167522
406467
493389
130265
122185
136415
107616
91202
165344
89420
57670
66323
798243
193464
1289604
849610
6405591
130525
1361396
3991168
57657
110364
108211
57287
156171
52694
1314983
796188
115225
1467104
185289
97070
74487
63464
527708
115672
1305727
1339796
110090
1390784
100396
160685
105424
834811
795676
217102
54788
185426
1175434
130168
233861
103573
198217
70952
160659
396288
6843424
653535
93966
155756
374131
683934
78332
1298772
791004
698456
1565104
6496066
1329412
112109
736080
1027613
152498
344153
108860
431104
897217
124078
61953
62510
62515
73061
66652
275357
77608
1119094
3468821
84329
162760
777636
3164942
60141
363452
86840
4181376
66671
1511403
170754
62076
626579
1380832
193666
951327
131279
1586248
124085
363455
559842
1038105
173013
148920
66224
133821
57700
65247
160549
63424
994819
228385
136564
322223
134017
208776
149456
208314
245460
218300
264532
1531709
185444
295515
200091
190156
638122
1377671
565765
1076633
456430
176736
3213033
130691
473157
1106509
1184688
727580
392258
958222
357462
547230
1579965
498722
1853315
124605
218438
231081
168813
1271000
1535882
523535
155669
6729654
396652
194169
3703919
921869
137667
47395
151533
159207
734455
494761
494909
151749
117625
71194
271567
101129
66330
74646
890430
97293
116365
164634
116507
208682
515703
327177
337599
135126
135123
127771
130787
164758
168180
155606
101491
148445
177072
124463
128651
130431
149664
124672
123989
99840
167870
95923
6503377
735940
128122
107940
435829
149871
110262
97601
256814
198663
119978
61107
152707
497247
97889
190045
82501
208759
693115
142003
125224
130866
73877
94800
46683
48368
176938
6856037
286650
6856783
6862980
375349
272102
635611
5246708
1044976
816461
836554
288494
380179
613323
476951
471442
184845
46242
211686
65325
112235
136463
122880
155374
477355
650576
126842
948152
139470
110396
322916
890202
1133282
172843
1065122
461169
1052777
229624
512841
117409
6930997
6854122
6968345
6931020
713693
804964
573083
230861
294681
193509
1483718
494390
130147
198141
7125819
451188
379561
1109132
1078088
3900575
378833
185826
180802
133977
294287
1442731
642236
217169
380154
181502
129382
557750
34231
1082813
24605
27199
27693
28201
1067173
622078
5494202
158887
367477
504257
6581158
516409
734597
720396
708120
162832
136897
493247
84763
544971
277183
4719805
1435214
6994018
910173
172927
379098
323214
665084
567392
660131
127424
237536
2884329
216391
110154
2133281
2748704
93079
1263764
208535
1212072
148460
6942532
6349712
630333
238209
142634
24247
149676
181942
430406
289311
149296
46128
423075
727546
238698
4883917
4636696
301422
1182051
322937
157022
97498
515807
585920
488784
1053689
155851
204832
508207
156430
1068736
304759
387219
60180
503780
414222
46137
27000
26856
27423
766489
317446
27441
327987
387285
34372
141131
28328
27994
39420
14039
42721
30691
28787
30582
177308
1410242
216885
559273
2038130
124317
528085
3778455
926133
656580
401085
429803
388253
6815278
1270175
761218
882657
920730
680765
446391
322039
522416
752797
375569
198587
264479
618807
173609
542333
328666
327080
26838
27068
181115
623286
6551861
763038
49621
133926
31284
455400
42301
495837
1044327
40244
845394
76397
156819
337826
89621
49871
368182
152748
630178
7212633
132518
896579
152017
196074
56186
333397
90018
560151
48485
2022116
2033743
861373
959710
870288
4035286
950348
119413
236592
130532
126712
87084
1357454
295198
875221
205356
770948
380839
152172
424241
721117
112721
6616604
152903
251178
90990
121789
523872
412580
1967668
56641
251340
3764455
121919
115696
114742
108017
544962
501828
112174
105711
108291
158949
7020793
155293
121802
1185895
127267
189896
494040
62597
158944
162742
257589
198727
121136
539949
105575
111154
1568483
110080
960166
108756
121932
69135
81880
110280
428871
145574
66471
31342
229269
87313
1405683
345799
103631
114708
912371
110379
1467512
1452681
1525233
590404
52725
1156883
126958
1003349
910285
571274
48409
601696
65622
127503
71251
60131
774427
333208
723902
994944
6452912
1317156
213086
582157
198386
2925310
4415258
2869756
4934744
1108373
379417
678800
185136
198640
462400
690420
164623
824260
5924988
559325
367443
990081
1301142
136683
97249
537081
586857
103668
896743
392260
205964
493213
122018
124546
932334
1367068
126766
127926
853086
204916
34259
620605
738489
650703
6549030
1356923
1138927
638519
34223
302139
156023
149119
637997
701369
172875
324395
181487
280223
322153
302116
326147
4145758
1518276
990421
1018966
152047
1164772
1379613
76108
177530
169253
81509
156541
158939
77710
90933
155100
633662
283012
256515
156014
578953
500542
1068864
933983
661365
489043
616854
742131
251315
1075455
682069
185830
301146
186545
2416711
262967
576252
335840
52831
190023
79626
596964
198971
191139
193099
133696
1017160
743282
707017
1052384
945537
445456
350472
169126
1358131
952049
7203506
124702
6708579
6957386
55085
678469
3259104
227185
145407
268250
2264541
1590721
332959
67733
322567
1148096
1554635
1561131
545951
533504
1017192
660126
490449
510508
5249105
491099
6363450
981925
6447869
211880
35351
19497
19285
1357781
1603225
1394745
805570
713687
408230
902026
921013
854711
527982
845764
938304
947478
357690
537579
263727
391802
74529
260770
195465
28875
32455
869344
105873
633773
189957
523144
216168
151938
73254
217086
600593
151944
163900
282050
357498
57509
216516
357494
1021577
3232621
863711
1567142
870366
283171
288374
615427
288925
117390
98879
107990
109426
1075338
1430121
164874
545682
5078125
449517
124371
136843
340029
277018
177776
902949
2969049
76140
98463
108316
393207
73265
177138
1117459
1227265
4485225
1257006
1173083
1305521
1342763
121751
134695
575759
406718
134010
69123
1109315
112919
484608
597287
606610
1093572
519955
432281
599855
99962
604766
1023172
1313426
3383829
1512623
697873
392194
251408
5388139
5371023
241581
744244
24022
186649
1597268
216354
153560
251886
204277
188784
420089
158948
322428
541853
66140
460646
161241
199858
7327497
195016
190632
188836
452562
526776
58820
795701
1082756
1590788
196413
145387
428522
163209
148443
185105
112258
584936
215420
48476
209188
437680
68010
306932
327698
141085
234202
258493
257044
193589
134890
379218
362574
221921
555224
1002340
256859
1162030
174120
186846
6393669
654665
31355
1212168
216371
535744
397947
825130
663574
151685
357537
93312
213664
6533961
589528
6974156
2465996
247157
245343
352864
892196
407503
6354191
4391235
690150
49862
368776
981895
29372
175226
636326
81494
680640
618514
304493
6375400
6598511
343409
343272
5861040
6981137
6585279
5191196
1279597
789043
227449
339113
209510
64771
1034429
93687
97328
836408
707209
1359456
1357633
271512
315139
665829
700005
194862
370703
778258
182606
984451
593438
70962
39528
1024254
168807
55086
110363
804624
1475215
1159462
761600
325127
32526
801017
690995
931552
633768
926092
851068
532621
155625
849507
380716
358226
6393495
324365
156672
163529
163106
106568
162811
1899434
1201749
6585822
6857963
418138
536110
5486008
5605154
5750467
5535849
5535867
157610
155736
171602
745524
1520009
1135638
940080
277227
259301
1520416
207589
2391177
321740
211448
1033398
422915
2287821
483481
378784
143289
338762
97351
2297280
6390126
6390147
6390103
6390033
1257407
1316775
762227
364264
6401896
164214
559284
921833
1304702
757180
1075906
503274
851685
2647302
4523954
837599
939863
610798
1275911
460577
190444
669782
140770
180806
110986
884156
337547
133688
670918
413092
665024
669281
68934
93199
350001
631194
610018
375073
669370
489555
118308
312461
87192
222496
379149
338891
670592
626304
271795
272116
67393
670996
686737
626251
670965
349785
374185
974478
452289
326132
325168
973221
1296199
1089715
684176
127291
128173
1509543
635507
1316098
435680
131615
346215
156219
895986
944701
189114
185124
184752
185024
895946
944665
601903
1061402
1078142
189858
73017
438974
333858
125373
188701
151745
318357
156028
126883
520415
903199
180739
367880
786395
369584
6417564
609201
1556898
465429
260019
156555
586186
1013462
581699
134912
67664
6493625
124012
5765954
1477446
603629
1077434
998490
288798
488509
289075
1395493
608711
609703
665186
137537
867544
1141466
597914
489716
782192
93093
256108
159110
186848
235782
131795
342784
342667
580623
208369
296393
233613
6085529
6730983
3400677
4629576
1761363
6561797
1296330
1033791
6564212
1963120
580944
173261
159075
605947
508237
176928
311099
189982
276976
688249
566077
151751
181095
186568
1086053
282370
1337469
89102
1031385
684089
296079
189213
76221
224042
322281
638971
631467
1067695
3638356
720753
414328
135206
533776
224690
665378
4530044
680747
468839
362299
691666
256468
542556
871651
667660
356967
1153294
940455
1417162
1095641
112511
5623950
1531322
124653
1012592
1131694
1525902
1460309
347762
181795
290479
1349742
153305
694212
452996
412350
133966
63450
141913
67810
185410
454406
160229
126681
680968
384774
575751
1240571
3439174
614816
393164
618994
437606
396039
76048
177738
48369
151760
505150
769354
5692510
1387624
374764
544903
324452
127925
683802
6732727
3951934
189024
201102
222314
342957
37413
1480825
278063
679104
375239
3487821
5185466
666151
146166
894833
1504688
921183
468456
944237
413030
944266
176776
609474
6581817
183892
237088
69103
288668
1004076
1021389
995599
875603
875804
1318188
163125
996832
1148646
777245
228547
7197726
1275534
91451
126908
1399769
3213387
3429778
764322
816045
495580
567523
610339
608906
264367
343914
344463
643799
1045444
476439
1340912
1967533
148465
252922
64007
78376
464718
520974
148524
45694
465317
156659
164043
412441
66477
875834
6390670
6737122
3704040
881836
51347
755403
1062300
125805
174971
139287
174924
212645
174340
1016560
194635
311054
322516
193468
182096
163959
1316399
133733
159175
28927
45146
26588
647638
218580
7017276
322257
288944
405864
30333
91397
41327
61677
250401
162673
267076
165798
135464
105708
1468883
516803
1265540
951892
1179442
31120
5582278
83867
367926
273120
351899
95313
604693
515123
546736
100454
926425
625905
7071689
4120836
842075
105724
882272
38325
362371
528888
156877
1553283
601673
118794
338226
193398
870462
888525
64792
6112863
414639
25689
796873
186969
161134
1057946
4624279
4669038
1149417
1248445
835717
57308
222913
159165
607285
400437
666974
409144
1057857
1354180
753686
6797536
88976
4192514
726985
435639
1031473
1368101
3843102
1066974
890780
488469
6891522
1359705
503370
1021646
580814
1327274
6853904
775325
6445302
6362142
539869
160666
194853
783111
736675
3415604
6851960
6733688
7018084
2354273
6752922
6786243
1442124
2032543
168569
132946
125348
538906
987921
5328711
542974
168869
197749
166026
386238
1572827
752915
322146
4687732
1018062
787245
691836
425666
333670
6765537
68913
341136
628197
294495
392804
6738573
209705
571457
575950
1136094
1245135
569307
1410047
1965897
1208327
93799
5360927
1445416
768614
1379507
1427753
428650
7140206
7140109
7140100
40597
974725
6979804
6790454
6776368
6613519
6480132
5160189
1248548
6385665
6519165
5575598
6358734
1454059
5803987
537334
5410817
6339421
986833
3631823
36481
627871
888777
526918
22469
822716
393758
1357277
52445
500529
666639
369836
312472
394151
357387
911483
394751
11043
4312393
1811169
1811159
1930006
4091621
317790
5509307
1299378
342878
40620
54950
75277
54954
75280
75289
40404
343518
39248
29419
149596
75307
75293
69129
1811469
1244028
48658
1811599
1751355
75295
907469
1244032
1811669
1811699
896795
357972
394453
393121
571560
437618
75304
1005899
325288
75298
1560731
31291
204836
210193
1544596
824127
190210
1357095
1386694
392517
911510
1534118
357395
357946
393089
392487
392167
91658
93032
168278
694036
357845
357986
910999
357485
580638
357958
905253
910441
1379478
394694
690580
91659
357956
357929
312773
118431
392442
392327
357398
137055
392342
395875
958374
911276
393596
925821
720192
216565
762292
1151404
1070821
768372
488888
968137
777931
456338
211849
893284
379285
1374439
769672
1141709
211847
420454
83753
1043484
537328
136650
136647
6384674
1078153
3530267
31672
6550056
546381
996521
996775
982289
1311218
402693
19484
74774
6005563
141415
112445
505182
352248
22040
6845162
6061054
881592
997119
6524058
996885
174705
364008
6084461
510898
327213
133916
1088231
1355523
870264
1355552
1003789
1355540
997033
1369466
996553
1339231
999248
381171
42045
30397
43943
5684650
421941
301441
387600
60991
6084521
670875
1021878
990095
74764
1032857
6782612
43921
327203
924544
514815
589278
3779256
1134590
1151948
1491753
425549
1103466
1134602
698084
1151889
1107897
546745
31696
294545
930123
362695
32459
427190
38486
977643
29327
33572
6059914
745131
6808668
665636
155466
510554
6718021
5929000
23633
37844
28206
1101308
51064
51019
278989
583313
567195
185890
357797
368574
30377
537205
762925
23693
321175
323830
2291273
325427
1292923
3059603
1034113
1138768
5023794
1096247
228531
115531
32457
685178
1111471
6618386
7213918
2090617
6588021
33646
6717087
1002656
926800
1151951
1347709
1008050
747828
510669
246973
322576
36594
484227
527700
338009
183611
363010
159231
318007
89149
212489
173037
1362324
6505224
338112
1298423
127635
6744880
1527142
4667575
163647
1580972
647155
485587
4242312
2230834
87292
7132779
7126483
1203293
1576971
6105380
5317667
494114
1055484
190344
164613
338126
606582
5056283
606462
476533
1306525
271694
5067120
934481
815592
173289
1555294
121257
170436
978694
702144
2079074
891731
393247
571173
5828571
312619
824498
700197
991493
933740
615507
516240
635609
716132
97256
199543
608992
151654
425567
252697
165041
693299
170008
683733
691936
1415995
516536
719900
1012785
6789986
6788800
548040
200958
629784
65206
1569497
2915444
708867
6663644
1094635
1145983
1277617
1140291
126222
339806
412762
364310
312407
311705
985822
590165
428605
775632
1025952
1285947
1076898
685404
112578
130014
510362
510519
153047
1486145
3355646
1354764
5196600
7213922
1090725
367857
537408
159966
139153
246654
164150
790322
284703
69686
60954
990618
149513
5042635
1496921
140614
605152
6465274
6368712
346657
75291
459832
159625
142509
1305938
128331
1263547
127610
137214
1593498
829261
630598
1329779
1199880
1506937
288055
1112168
1469164
1692146
665130
412460
327265
950702
503496
841989
5416210
797706
884363
1413635
821910
769785
862807
418087
889710
909935
761350
938951
100830
823596
1489037
835431
884116
1004288
795403
451285
122990
121739
827990
121765
1207889
1697942
653187
1696946
6885303
260765
337481
98506
7013448
1389411
620727
635051
68164
1011862
146664
576312
1582424
1537208
6657495
1097345
1079385
1520489
465078
433505
728762
41199
45034
472991
6349843
618982
177734
39214
47207
323333
420737
817001
684041
207937
396081
396158
396009
40239
39409
35543
209564
28626
39308
159916
656762
134796
6797086
979449
967588
968477
130515
1107513
131907
338345
93653
426576
1257345
43787
567226
64737
1018157
1546078
1169312
1185422
967755
940077
954974
6495297
125188
613167
272330
161917
809891
132082
1243448
653624
1203123
423146
58710
256453
204675
131874
124194
127727
84827
1120319
633794
473429
722368
6589383
1594400
630006
678907
1058260
692790
1057378
715200
1405940
6971305
1500950
5388859
3801180
630458
831538
6416749
1399307
825662
643366
505387
989946
224755
666445
1097410
617402
250412
737204
697543
978968
108022
937338
1221102
762275
768945
1563435
789873
1466124
643944
698410
858873
167637
795454
698398
1409114
2730612
690626
6635215
148478
252378
134389
1255227
790551
1210792
130611
311617
124157
132162
618450
837309
174869
391983
174840
181549
41775
47231
25428
588451
461745
53956
649523
761623
522859
386482
428936
44970
69441
134120
640652
626699
7178061
1357460
665434
1671636
1430584
1389854
1395271
6411473
665416
1114383
1341417
714984
160584
6908558
6869662
1102388
156231
2919267
562852
901439
131001
116402
66353
55143
74029
126881
111314
969371
968773
95748
108215
94291
323078
103106
78449
662192
138532
86443
504826
58701
373751
48481
124368
98158
237703
116902
75262
212175
1442364
386403
5481792
6772247
6484777
6529713
1299322
597213
2746446
678628
816238
789386
122869
63998
168533
357025
4694258
149427
953615
630311
1033997
644985
7008277
6637626
562832
3632021
1058754
4137997
3622584
277672
216204
213581
211700
323335
65413
450760
69060
112440
57362
888659
374868
6979614
468809
6973731
451411
1248000
3169764
517207
3232189
3173430
3173514
3217000
127169
3189042
3173166
3173562
3167578
3173460
116392
943904
493397
165745
266272
1018526
213258
454507
251584
142103
1380484
364377
113391
66152
189437
207734
2772246
222786
296775
406594
418040
407007
435837
187439
151536
472221
2551844
263272
635674
295494
1037089
901256
74472
144867
125150
135021
117404
167504
629993
89791
94854
95443
94830
325273
38502
1196582
722415
901741
306818
155845
84823
6514627
5779893
910313
103157
152295
192746
2356682
1353286
181823
413648
550548
877887
531271
362315
53791
81862
124686
58995
450270
955273
228091
183088
527287
235004
493726
130339
180846
161706
77594
64193
51222
901464
904463
605193
1501561
1189520
835528
915995
768441
541434
1240568
181088
465072
337904
209746
185298
221828
151612
642709
885458
937223
996124
959136
655035
454685
85521
331394
140995
113611
58103
54215
1017901
2672093
67898
53868
73346
565216
1182810
1164537
5920326
2024342
2024359
1492184
1070911
162917
600802
1254706
1842586
716191
968947
457529
405931
91020
635861
927918
208295
536195
5205536
4955185
6197324
181520
1504800
152213
516981
177134
536615
969165
418162
726542
897018
680165
167621
336372
605826
105387
94947
97505
94998
424130
63428
306742
452695
288052
435656
159585
115245
63430
63514
83697
125486
159065
108954
89736
110069
159067
98706
159076
128772
159059
110068
992693
1100979
647737
149200
1101000
660345
95423
152851
181396
62525
135595
150168
56802
509801
6864078
522530
1473119
212838
484373
110835
159223
735196
509391
6531187
5782246
1254316
1213269
3337882
1214199
1198435
3056108
7177520
3337846
1241013
3278532
1241040
1203705
1241068
1308852
3337720
3337540
1204090
1242364
1207880
1203717
3337378
1258850
1252331
3282693
479371
1534874
1204691
1241027
124218
61138
6440145
89293
148575
134196
786246
781448
1320309
744082
650495
1208593
1204640
645482
1242360
1295469
1039744
1258885
1986449
1252919
1258905
1258917
1245119
1239232
6232051
527324
6446855
6594456
885203
472477
40226
1116028
161172
669469
1016645
6584453
141262
985862
244890
6775273
640959
6729261
977255
605936
522042
952680
522007
5656428
5743081
592444
594465
500003
136558
386372
670463
3352182
818671
256881
177003
305503
76940
704325
1211290
842473
124496
524409
1209079
244911
117694
1108880
57829
1447403
927644
665304
393425
418929
22797
1567403
499083
424907
1604012
57806
198258
6117617
6603776
817579
64858
323602
450871
369285
6523434
905382
1026876
626647
323012
604887
470114
669781
347358
1167631
134390
63423
1298779
462281
462275
753301
6749424
3383727
888316
81014
306931
259942
4504334
6702433
1188414
329804
852246
734124
526876
503390
630009
1334279
207327
1196544
3161480
6962016
6447793
1462286
4373348
139455
815564
847039
902164
228540
1389714
898743
6847616
639317
1161795
852127
587685
6252494
1299843
1210293
1452974
5926692
1155671
503477
311770
1552602
1185668
5804775
145509
1078316
979353
271006
460334
600829
222076
991297
6446183
160324
401484
141555
342956
754307
26830
46319
888065
2749107
831555
483964
373273
1217249
94254
831382
1475740
6676404
6672069
1478342
1554764
6493824
37442
55068
55069
929806
2117899
763341
2890086
6776778
74787
823070
2877112
217796
212594
503833
698062
6249742
3727843
1357406
3742892
7192011
571842
33389
194641
155791
65503
126928
240816
124675
457887
184890
185010
124827
124365
374846
110873
124673
190968
374872
124313
193000
216521
2663052
1368656
558368
6630034
2886170
6440432
344431
894784
252120
6645422
279499
716626
368981
295655
6627343
294269
751046
130152
1556943
1362268
508959
3597865
974815
956065
6583853
5030000
169031
317371
325170
784922
940323
1467868
295151
4535294
4221097
6770339
6469376
690798
245537
757971
6143687
2619154
1252864
642500
130199
2076589
1571632
776902
1090682
4416386
127159
44004
207956
680304
6930140
571168
1239170
520777
107671
6407942
199981
1275995
1482299
1494909
1334162
6732647
751832
1292758
6359524
1325938
6496020
6361629
6370559
130043
667876
37386
34181
940672
1348527
734989
387356
489652
508209
1525174
483552
257156
385130
4197024
4730040
5190471
198268
415018
743168
6774862
6483980
412207
1275591
6511251
5372581
352469
3839975
731976
640903
844280
4341635
6360834
882265
5064172
1298822
1017035
943512
145168
235905
692374
1516091
430155
621143
6470898
195081
489371
608345
5284599
6747793
716292
522504
315459
1359558
1400060
1524218
3433279
1292634
1337317
6358659
3049865
6476335
822931
950308
6596378
2361757
6587549
1277573
71139
6699172
1596157
1066773
4536540
3734361
289348
6735332
7244983
6751828
6856812
859182
1383509
6896370
1097727
3351874
406913
830213
134680
428733
1556366
6615584
6603779
5084214
948325
6439852
7218415
1258732
1175445
647044
1500360
458187
4615890
148956
95208
940411
636048
891452
947129
112460
449770
587891
216300
344553
6214789
991031
335045
395567
323498
391735
380545
970615
687576
207927
642979
598546
1207307
3079448
593454
207770
332789
509772
6449001
1316025
2075125
202199
1033051
1556699
967231
6814520
5663176
992814
5384506
1011569
768318
532231
217491
785136
784932
546134
588598
910329
731997
778027
548001
522287
771386
737641
737620
639926
186951
777783
509905
174474
528862
546112
537528
537498
980398
625421
831219
589094
546191
546916
1176015
588475
529056
528964
610387
589159
1017989
835697
1567677
1057969
1343405
1027937
1111365
6619963
680436
1059281
1057977
1066982
346155
1244495
5168106
1337227
1352682
769409
4928584
6442750
6438556
7144955
6535200
785789
180696
277623
1129281
759474
4940210
1101378
5377962
2793646
512216
6854866
6413715
60156
7003200
7032901
4960721
5547023
6833907
1033022
690637
620905
1216394
1269710
1290808
1511507
782072
392638
1323357
1288114
339349
168417
118921
216778
1698578
818834
890169
476263
5725340
6744650
6370937
6198491
7147039
6198470
7100003
6132886
5729817
6348012
6369225
6349296
6372064
1358122
6535069
4137752
6361781
1052099
1549612
1437683
1550270
1549605
940551
876810
2242682
340195
7240735
4400251
669759
6167512
1332903
6731207
6749349
6440216
441066
358499
156736
850406
5319556
1501006
2297504
6353382
472039
334465
6549770
833174
1392304
124740
185240
650654
78572
642929
1093310
1513116
1480856
6628516
6623512
4218421
6395849
1059385
1296959
200337
108030
6646033
6626194
7000904
6808387
246852
6733943
6561033
48931
989657
4663938
6960258
367976
1174558
528861
159460
2966346
464967
466730
1239406
5186826
114880
6491016
1514674
721798
5189326
1480746
1447003
1112706
1565067
2788134
89047
2077189
449921
4579169
2822839
2929950
1239433
6403579
828916
6481649
6444749
300593
6580310
1312451
7015461
6872700
295893
586590
343279
502498
1585493
217720
613881
151936
1109753
6629764
5397881
5452620
6440086
3455539
148347
2951610
303820
869757
6529161
5334950
6384602
6471960
652801
405769
5736427
6948867
407870
201318
1402454
264469
952536
167684
5837523
122010
1008343
56444
604908
159120
168698
134871
6447058
568405
6729011
1411250
1218176
6609781
447708
1527291
2291516
665148
5139487
615858
7147922
7147832
1033410
2249276
6178216
6670358
6519971
6866327
6841908
7024573
6531102
1581226
1192760
495888
1450450
454664
92848
684321
691867
314600
368073
389847
760390
3817282
1922524
1195867
2752920
1965606
167560
1445308
1495194
6767291
469046
649244
603504
308672
328369
512071
633895
491637
1580691
3603310
149602
3628334
510230
1061718
217948
638080
503214
747783
6546997
1402500
853741
567478
445994
6980049
367475
373992
2244141
69673
903617
2127883
2196980
2396007
1189729
6428187
2259154
7178836
216595
155385
178955
2417447
557376
176850
629906
1032627
2192423
92921
1509646
67804
6386230
6660331
6743613
1481953
7047772
1100883
4543334
1206291
1270517
1205944
729718
1553066
6732249
6899163
3277603
476246
1433209
327116
6479644
1141616
208444
162966
192969
917630
4596850
4581032
62273
7022482
6891819
121752
364117
129025
337716
125183
128062
128018
690574
141488
522187
537713
1300044
246805
1026156
1034331
500600
990662
30515
1334271
227477
5334686
926254
6742639
4064541
1554834
1816968
6691723
152259
797436
6883267
1050128
1045167
3850694
6791325
6698761
1069265
619004
6796134
241199
4066315
6794246
6437822
6475056
1394769
1404731
22931
22932
153102
23539
22933
4311813
1448144
906880
894838
279074
928831
337641
720225
428579
768630
534059
539943
1560033
409477
582183
58758
882893
314945
5438328
1318675
1180085
6411302
6131464
435495
540674
1110991
323755
362314
412489
454348
6615523
2074373
124636
121561
400353
450766
121280
400655
121272
2090370
835513
744517
459704
6880871
6867033
5925747
763812
738673
1000757
1034779
738324
795958
796582
6617354
786362
1220155
4997694
764057
1086155
817784
815556
1447760
738276
1341076
602256
921395
112243
6566104
7044313
6780841
6554281
1273130
1470086
1470183
599350
1366577
1316065
1016670
1306096
1305898
1466878
635318
781249
1270966
635256
952761
1306155
935338
1305983
888965
635334
599385
776515
1270988
1052976
1306206
1130817
995274
1362816
1362837
1306203
807943
896611
1305960
935302
815947
1306006
599371
1306178
776483
1366578
1306132
1173668
602731
577064
1103622
715187
572587
1307953
605727
602763
654368
815961
1271003
1357028
815926
815899
815906
1271041
654467
715324
1239112
609895
609917
1306250
1230304
1146177
1023001
830352
1139054
984772
807302
939487
939501
935221
610490
1212125
672553
1024695
6860538
1201685
3243298
1070500
1094198
852880
6668112
148432
6502519
6512889
6518649
1585093
256821
233782
130991
513910
7150861
6708036
4182412
194957
257522
7105670
6809459
6805528
626358
391602
989498
7047657
373371
289584
6560194
6549078
6270499
1353302
1089025
4760634
3433117
6523973
2809297
6956366
161666
168184
152533
754368
6337142
5139301
1352325
240704
6512486
43880
1444640
1455078
1400507
1338292
1196685
4566765
6764179
6779943
6922080
2883052
2258790
1406380
3453343
611115
3454819
6599134
5328597
392090
6902282
7000033
77653
446723
515001
1431293
6723527
1207453
174165
642699
822123
1142301
1149657
1090171
19496
124592
6725724
2808576
2788781
1433317
642891
200899
1954829
6771438
205998
86125
152133
791478
665639
1138230
572244
680136
45381
1280432
6852449
1178143
1384725
1544628
3843557
42289
2799034
4143086
7103687
923491
781657
2297536
5017993
647013
1066607
7319463
509698
173781
387322
804466
750376
750867
882643
1079561
6934317
6956008
6941926
466357
3880494
245306
245304
283712
283762
386069
6838263
557796
219908
561157
6846952
6375745
6412350
161115
6456838
5777388
1483790
317701
1560788
3622088
1515566
1378938
1356696
5316218
1394433
889950
2636494
6602225
6737990
6440184
6602604
973287
1316003
5454970
6639867
7178074
6819430
7227128
332675
6624055
6849191
6619878
6619852
379663
124128
129035
121780
166974
129076
124322
6187021
465340
4982017
1037030
6418745
3433261
904961
6579976
6602953
686363
1248366
828921
822148
1444740
2230568
823474
6611443
829628
796714
829644
739698
6435434
741654
1191452
870951
49578
647942
596510
3449963
34686
6717515
1293589
531302
1366970
7005377
76358
2454956
4332191
1536677
3230686
2848386
2925616
1453375
2826578
3279448
2368585
2906753
6112068
6130354
444247
6436164
782456
789055
745515
1025945
653043
669584
1430765
6789787
1178057
987714
182855
585656
148885
401635
690234
218266
980857
5278503
3228931
3167208
496521
882015
762824
1311584
697962
1160775
1160482
906885
1151847
1072999
797488
965061
964995
635712
797460
953644
995612
897973
952891
825606
965121
1151842
1174322
965212
627093
6780136
477371
6688905
137782
6819324
6939222
6560527
3895655
1501179
1368252
1482272
960409
282829
289042
282397
2080738
975829
2911185
3095631
267158
7157120
968936
788537
118983
127313
128470
6732642
6732438
7123005
959290
1298048
407069
1950543
567284
266357
1477589
1354330
1396784
323324
669981
130224
1556231
77910
805491
356255
6539320
6276750
6685144
6416623
4596834
3555229
1496901
1489353
1489410
1554479
1489255
1489249
1525044
1104170
1489339
1435404
1445679
1444362
1444403
1489390
6517055
1390923
1151886
1159284
6583541
1151941
4051525
425508
1388316
62280
1586022
164877
840029
605175
806136
526182
1261438
6766226
1348146
986146
498182
790308
770636
573769
1388521
4149918
362495
594574
889357
3164922
158805
75471
74955
1453604
384836
601496
204522
2770398
1168153
175302
996722
447802
1093030
1131180
1097940
159517
1016580
957770
1008403
642688
73748
702607
2035309
1966659
901820
1350556
1523222
1250804
165354
6465549
809500
858758
839960
6537305
769914
797053
763041
768483
781588
699349
762770
665068
454838
647635
630361
713944
665362
74492
647641
752279
909883
1393947
3221292
499034
322111
219148
605799
7175654
1956989
683842
604767
3648230
1367079
122969
6858600
1568123
3434431
437357
6582714
6581583
882117
137029
168068
965046
985529
933357
6822027
1244687
4672689
1097956
1097853
602019
243579
124067
223133
5518151
6799968
828628
6554253
3277593
3748750
1590466
756412
714455
853612
7178156
3326942
6748085
42776
602147
3290152
3399572
6715777
56347
1104383
1976907
6810791
6707579
233536
4706526
878150
609722
176908
1029799
104244
486646
6747252
1146250
1182108
1178142
4441213
1321892
6747242
1430405
2733188
568408
1548312
5699211
211782
6566088
442463
935354
1470824
1427420
1551438
379341
394556
127103
748132
6532728
153051
6521180
228536
888945
136953
2759498
272214
79405
455262
97370
64823
1243471
167997
1977893
477697
496716
121594
416880
149181
526875
121613
110249
296690
307233
1364858
228310
143931
1603828
69333
252676
91671
240373
6548069
6390114
638335
302177
3395102
761802
1400829
5120715
6735128
7108019
7084555
7089559
7244217
7045655
5395526
1061908
6742613
578559
4961196
550961
379257
6640272
865284
1581810
6726581
6843231
855024
6725059
5536399
1262345
6097137
1140061
1232256
2766285
636084
349979
82233
1573191
841590
6482564
178504
1304513
5341396
620426
536633
663228
259522
945005
300756
1133207
3221193
5410424
6879647
6920441
850592
1286575
6551403
751145
789002
4137585
1475376
594829
160661
155552
1323726
1558395
385504
655419
5870213
5781978
4644850
1070645
581146
661845
6811103
1926876
1189549
533576
7145087
245223
1882966
1411131
6630446
6534657
6459159
1185776
1804450
3231109
1843474
1288311
1881983
73210
5229273
6533462
6481541
6386411
6367937
6373478
6234180
4677840
2101741
4771245
4942162
4922925
6376320
5147431
938676
4521561
1884266
6806581
6462535
1317051
148437
645406
1159817
1017137
429265
451473
798659
1146010
618353
882648
6825040
789207
6869864
1695308
7026388
6975211
163841
5205722
1516493
6693801
505128
6478332
6684747
6663407
7005002
7037810
6873552
6655588
1405100
6712659
6718614
6713804
5331944
5743353
7407993
3408425
6766983
6473507
6589337
6543361
6588463
6443162
6824244
6981786
6657629
7088011
5480704
1550226
7075593
5837865
5271173
6475726
6747637
6517675
6956313
6362168
2794626
174394
3093887
128586
127767
1017783
901239
1164604
1189508
145694
1357975
698478
6807687
6801797
6668495
6582675
1553198
278582
296330
580165
4078291
4339365
1544457
665082
125867
650502
1546757
6731552
4686892
172813
89815
951714
1129522
107414
504472
425152
451024
362982
508854
5225601
6485619
1300801
1318824
6644506
1081626
1323227
6511389
5255020
68938
503473
180794
1420355
428987
777295
3831541
6062730
3174372
4906927
6788159
6583888
6745064
79346
6881552
6492265
6969224
3164832
6565028
4514940
6529313
108632
6745639
1134359
6979192
6812585
6417739
1027827
6738925
557824
1001768
6961339
6848282
6355342
527645
944533
669931
365208
7031518
227389
1291145
3669288
3612552
6964528
2706146
59325
775585
5791747
268984
400230
317386
245590
1678671
6387932
1060521
1059324
1170281
7120858
7050858
1563037
2362522
2338832
991875
1391728
7478263
4526768
1320527
1272127
2110264
6551003
775423
1320522
1153594
775220
669336
775479
498695
829377
1197053
1271234
1285291
1197021
1276811
1285301
928227
858867
859103
7050256
1178591
6571061
1597793
219443
715366
82335
5603950
356866
1083048
117389
955152
358450
6951166
7114232
1037324
444487
508352
444450
444369
551121
229867
967295
5023119
187437
300856
539931
2245617
796140
490917
734713
264116
271069
764832
6858648
825667
989012
498763
636249
1962996
119805
168499
121620
2973328
2994734
140532
6532179
689525
329613
7292417
925762
1016564
225277
264772
233691
1364588
1361573
1220772
737430
778197
783536
782257
901409
916593
704133
704113
1436693
1081610
6564222
6545697
4524542
841517
4916635
6740947
1492439
6808536
945084
216501
124970
1381427
6482778
1316089
5075809
7217527
349858
1093133
5457070
6833022
6941592
110168
195843
557776
1256996
263344
375685
198388
327529
1320260
1340432
1309068
451198
741704
6849610
493083
6699822
490689
6814325
6837454
681595
4687042
775272
698490
669334
698060
698056
698050
698065
89537
1322079
7188872
608698
1243316
635683
778136
604264
851206
54208
54768
3169644
722973
3589282
727272
92920
6704341
55243
1442216
3695200
1103729
3890943
3727873
4733676
1079334
982131
1043389
752209
137796
731993
628531
892077
715265
207557
6552781
6846664
6777591
6845148
6760101
4629036
571566
6706278
845905
6759990
7008781
6929300
6725335
6567855
6879141
1602668
4090734
3784261
145906
6792709
6136916
6289108
5869073
1479354
1206279
6844860
6391463
6361845
6374253
306930
5483135
6669796
1349030
6850898
5486705
7232833
1525191
881739
6970303
2789837
6397827
1526554
642529
992425
1252569
1427598
4603691
1126658
1510878
1010773
952302
1034437
4995138
5480296
1289439
2391249
1482610
5464051
1022186
6671725
127128
169142
126796
6720990
6722754
6720880
222089
6386405
89978
5457940
132183
327482
141905
1128589
228430
6663336
576999
3901781
6360432
4720092
7037671
761539
3415928
3412369
692606
3277783
6670734
6523605
2232635
117820
6699553
7296885
872671
4245037
688098
6406871
1449190
1877243
992166
911605
711225
6407920
791399
844456
1177269
633875
6307772
791699
790451
95854
7195287
6547550
1516512
1520717
2241628
1519743
3745505
841939
6580833
4567095
3662416
3003690
3652600
700941
1069784
515632
364466
3874400
6765938
1248371
975527
3281888
3296354
3826937
3328152
1365183
610224
609227
603422
1077722
6534308
6733671
6522540
6519203
6425235
6743910
6693229
6430652
6522883
6790059
6867549
1338541
1257831
95162
4521625
451922
1079052
1076367
6544966
1003783
688880
1510996
6752763
6846249
788468
1098505
6932239
6931758
7044559
1067379
345475
6895781
970612
6458513
1401239
2886270
1467262
1466476
1021810
4646350
606557
1174475
6923722
2870386
6681338
6653640
1591985
439452
6374394
5375837
4568425
7071899
1032497
745545
966876
1032834
6546275
1207246
6471911
3220932
791134
1055146
6886006
6470070
6695315
7110050
